Spectrum section;avg. accuracy
1;0.5947619047619047
2;0.5947619047619047
3;0.5952380952380952
4;0.5952380952380952
5;0.5942857142857142
6;0.5947619047619047
7;0.5976190476190475
8;0.5976190476190475
9;0.5976190476190475
10;0.5976190476190475
11;0.5957142857142856
12;0.5966666666666666
13;0.5966666666666666
14;0.5966666666666666
15;0.5966666666666666
16;0.5966666666666666
17;0.5966666666666666
18;0.5966666666666666
19;0.5966666666666666
20;0.5966666666666666
21;0.5966666666666666
22;0.5976190476190475
23;0.5966666666666667
24;0.598095238095238
25;0.5966666666666665
26;0.598095238095238
27;0.598095238095238
28;0.598095238095238
29;0.598095238095238
30;0.598095238095238
31;0.598095238095238
32;0.598095238095238
33;0.598095238095238
34;0.598095238095238
35;0.5990476190476189
36;0.5990476190476189
37;0.5990476190476189
38;0.5990476190476189
39;0.5976190476190475
40;0.5976190476190475
41;0.596190476190476
42;0.5985714285714284
43;0.5985714285714284
44;0.5976190476190475
45;0.5976190476190475
46;0.5976190476190475
47;0.5976190476190475
48;0.5976190476190475
49;0.596190476190476
50;0.5976190476190475
51;0.5976190476190475
52;0.5985714285714284
53;0.598095238095238
54;0.5990476190476189
55;0.5990476190476189
56;0.598095238095238
57;0.5990476190476189
58;0.5995238095238093
59;0.5999999999999999
60;0.5999999999999999
61;0.5999999999999999
62;0.5999999999999999
63;0.5999999999999999
64;0.5999999999999999
65;0.5999999999999999
66;0.5999999999999999
67;0.5999999999999999
68;0.5999999999999999
69;0.5999999999999999
70;0.5999999999999999
71;0.5999999999999999
72;0.5999999999999999
73;0.5999999999999999
74;0.5999999999999999
75;0.5999999999999999
76;0.5995238095238095
77;0.5999999999999999
78;0.5999999999999999
79;0.5999999999999999
80;0.5999999999999999
81;0.5999999999999999
82;0.5999999999999999
83;0.5999999999999999
84;0.5999999999999999
85;0.5999999999999999
86;0.5999999999999999
87;0.5999999999999999
88;0.5999999999999999
89;0.5999999999999999
90;0.5999999999999999
91;0.5999999999999999
92;0.5999999999999999
93;0.5999999999999999
94;0.5999999999999999
95;0.5999999999999999
96;0.5999999999999999
97;0.5999999999999999
98;0.5999999999999999
99;0.5999999999999999
100;0.5999999999999999
101;0.5999999999999999
102;0.5999999999999999
103;0.5999999999999999
104;0.5999999999999999
105;0.5999999999999999
106;0.5999999999999999
107;0.5999999999999999
108;0.5999999999999999
109;0.5999999999999999
110;0.5999999999999999
111;0.5999999999999999
112;0.5999999999999999
113;0.5999999999999999
114;0.5999999999999999
115;0.5999999999999999
116;0.5999999999999999
117;0.5999999999999999
118;0.5999999999999999
119;0.5999999999999999
120;0.5999999999999999
121;0.5999999999999999
122;0.5999999999999999
123;0.5999999999999999
124;0.5999999999999999
125;0.5999999999999999
126;0.5999999999999999
127;0.5999999999999999
128;0.5999999999999999
129;0.5999999999999999
130;0.5999999999999999
131;0.5999999999999999
132;0.5999999999999999
133;0.5999999999999999
134;0.5999999999999999
135;0.5999999999999999
136;0.5999999999999999
137;0.5999999999999999
138;0.5999999999999999
139;0.5999999999999999
140;0.5999999999999999
141;0.5999999999999999
142;0.5999999999999999
143;0.5999999999999999
144;0.5999999999999999
145;0.5999999999999999
146;0.5999999999999999
147;0.5999999999999999
148;0.5999999999999999
149;0.5999999999999999
150;0.5999999999999999
151;0.5999999999999999
152;0.5999999999999999
153;0.5999999999999999
154;0.5999999999999999
155;0.5999999999999999
156;0.5999999999999999
157;0.5999999999999999
158;0.5999999999999999
159;0.5999999999999999
160;0.5999999999999999
161;0.5999999999999999
162;0.5999999999999999
163;0.5999999999999999
164;0.5999999999999999
165;0.5999999999999999
166;0.5999999999999999
167;0.5999999999999999
168;0.5999999999999999
169;0.5999999999999999
170;0.5999999999999999
171;0.5999999999999999
172;0.5999999999999999
173;0.5999999999999999
174;0.5999999999999999
175;0.5999999999999999
176;0.5999999999999999
177;0.5999999999999999
178;0.5999999999999999
179;0.5999999999999999
180;0.5999999999999999
181;0.5999999999999999
182;0.5999999999999999
183;0.5999999999999999
184;0.5999999999999999
185;0.5999999999999999
186;0.5999999999999999
187;0.5999999999999999
188;0.5999999999999999
189;0.5999999999999999
190;0.5999999999999999
191;0.5999999999999999
192;0.5999999999999999
193;0.5999999999999999
194;0.5999999999999999
195;0.5999999999999999
196;0.5999999999999999
197;0.5999999999999999
198;0.5999999999999999
199;0.5999999999999999
200;0.5999999999999999
201;0.5999999999999999
202;0.5999999999999999
203;0.5999999999999999
204;0.5999999999999999
205;0.5999999999999999
206;0.5999999999999999
207;0.5999999999999999
208;0.5999999999999999
209;0.5999999999999999
210;0.5999999999999999
211;0.5999999999999999
212;0.5999999999999999
213;0.5999999999999999
214;0.5999999999999999
215;0.5999999999999999
216;0.5999999999999999
217;0.5999999999999999
218;0.5999999999999999
219;0.5999999999999999
220;0.5999999999999999
221;0.5999999999999999
222;0.5999999999999999
223;0.5999999999999999
224;0.5999999999999999
225;0.5999999999999999
226;0.5999999999999999
227;0.5999999999999999
228;0.5999999999999999
229;0.5999999999999999
230;0.5999999999999999
231;0.5999999999999999
232;0.5999999999999999
233;0.5999999999999999
234;0.5999999999999999
235;0.5999999999999999
236;0.5999999999999999
237;0.5999999999999999
238;0.5999999999999999
239;0.5999999999999999
240;0.5999999999999999
241;0.5999999999999999
242;0.5999999999999999
243;0.5999999999999999
244;0.5999999999999999
245;0.5999999999999999
246;0.5999999999999999
247;0.5999999999999999
248;0.5999999999999999
249;0.5999999999999999
250;0.5999999999999999
251;0.5999999999999999
252;0.5999999999999999
253;0.5999999999999999
254;0.5999999999999999
255;0.5999999999999999
256;0.5999999999999999
257;0.5999999999999999
258;0.5999999999999999
259;0.5999999999999999
260;0.5999999999999999
261;0.5999999999999999
262;0.5999999999999999
263;0.5999999999999999
264;0.5999999999999999
265;0.5999999999999999
266;0.5999999999999999
267;0.5999999999999999
268;0.5999999999999999
269;0.5999999999999999
270;0.5999999999999999
271;0.5999999999999999
272;0.5999999999999999
273;0.5999999999999999
274;0.5999999999999999
275;0.5999999999999999
276;0.5999999999999999
277;0.5999999999999999
278;0.5999999999999999
279;0.5999999999999999
280;0.5999999999999999
281;0.5999999999999999
282;0.5999999999999999
283;0.5999999999999999
284;0.5999999999999999
285;0.5999999999999999
286;0.5999999999999999
287;0.5999999999999999
288;0.5999999999999999
289;0.5999999999999999
290;0.5999999999999999
291;0.5999999999999999
292;0.5999999999999999
293;0.5999999999999999
294;0.5999999999999999
295;0.5999999999999999
296;0.5999999999999999
297;0.5999999999999999
298;0.5999999999999999
299;0.5999999999999999
300;0.5999999999999999
301;0.5999999999999999
302;0.5999999999999999
303;0.5999999999999999
304;0.5999999999999999
305;0.5999999999999999
306;0.5999999999999999
307;0.5999999999999999
308;0.5999999999999999
309;0.5999999999999999
310;0.5999999999999999
311;0.5999999999999999
312;0.5999999999999999
313;0.5999999999999999
314;0.5999999999999999
315;0.5999999999999999
316;0.6004761904761904
317;0.6004761904761904
318;0.6014285714285714
319;0.6023809523809522
320;0.6042857142857142
321;0.6038095238095237
322;0.6104761904761904
323;0.6138095238095237
324;0.6133333333333332
325;0.6128571428571428
326;0.608095238095238
327;0.607142857142857
328;0.6057142857142854
329;0.6023809523809522
330;0.6014285714285712
331;0.5966666666666665
332;0.5866666666666664
333;0.5819047619047619
334;0.580952380952381
335;0.5804761904761906
336;0.5780952380952382
337;0.580952380952381
338;0.5790476190476191
339;0.5800000000000002
340;0.5800000000000002
341;0.5814285714285716
342;0.5804761904761906
343;0.5804761904761907
344;0.5790476190476191
345;0.5785714285714287
346;0.5795238095238097
347;0.5776190476190477
348;0.5780952380952383
349;0.5776190476190478
350;0.5780952380952382
351;0.5747619047619049
352;0.5785714285714287
353;0.5761904761904763
354;0.5780952380952382
355;0.5800000000000002
356;0.5790476190476191
357;0.5795238095238098
358;0.5804761904761905
359;0.5800000000000002
360;0.5800000000000001
361;0.5780952380952382
362;0.5776190476190476
363;0.580952380952381
364;0.5842857142857143
365;0.5852380952380952
366;0.5857142857142856
367;0.5828571428571427
368;0.5828571428571427
369;0.58
370;0.5809523809523809
371;0.5809523809523809
372;0.582857142857143
373;0.5833333333333333
374;0.5823809523809524
375;0.5795238095238096
376;0.5804761904761905
377;0.5776190476190477
378;0.58
379;0.578095238095238
380;0.5785714285714286
381;0.5804761904761904
382;0.5795238095238094
383;0.579047619047619
384;0.58
385;0.5814285714285714
386;0.5819047619047618
387;0.5847619047619047
388;0.5838095238095238
389;0.5833333333333333
390;0.5847619047619047
391;0.5833333333333333
392;0.5828571428571427
393;0.5847619047619046
394;0.5814285714285713
395;0.5814285714285713
396;0.5838095238095237
397;0.5828571428571427
398;0.5814285714285714
399;0.5842857142857142
400;0.5828571428571427
401;0.5838095238095238
402;0.5823809523809522
403;0.5814285714285714
404;0.5833333333333333
405;0.5823809523809523
406;0.5828571428571429
407;0.5852380952380952
408;0.5842857142857143
409;0.5895238095238095
410;0.5890476190476189
411;0.5923809523809525
412;0.5976190476190477
413;0.5923809523809522
414;0.5890476190476189
415;0.5919047619047618
416;0.59
417;0.5904761904761905
418;0.5904761904761905
419;0.5938095238095237
420;0.5895238095238095
421;0.5923809523809523
422;0.5914285714285714
423;0.5909523809523809
424;0.5909523809523809
425;0.5914285714285714
426;0.5914285714285714
427;0.5938095238095237
428;0.5919047619047618
429;0.5890476190476189
430;0.5904761904761905
431;0.5904761904761905
432;0.5909523809523809
433;0.5852380952380952
434;0.5857142857142857
435;0.5871428571428571
436;0.5895238095238095
437;0.5914285714285715
438;0.5900000000000001
439;0.5904761904761905
440;0.5895238095238095
441;0.5842857142857143
442;0.582857142857143
443;0.5823809523809524
444;0.5795238095238096
445;0.5804761904761907
446;0.5838095238095239
447;0.5814285714285715
448;0.5842857142857142
449;0.5838095238095238
450;0.5828571428571429
451;0.5838095238095238
452;0.5876190476190476
453;0.588095238095238
454;0.5876190476190475
455;0.5919047619047619
456;0.5919047619047618
457;0.5942857142857142
458;0.597142857142857
459;0.5957142857142856
460;0.5966666666666666
461;0.5976190476190475
462;0.5976190476190475
463;0.5990476190476189
464;0.5990476190476189
465;0.5990476190476189
466;0.5999999999999999
467;0.5999999999999999
468;0.5999999999999999
469;0.5999999999999999
470;0.5999999999999999
471;0.5999999999999999
472;0.5999999999999999
473;0.5999999999999999
474;0.5999999999999999
475;0.5999999999999999
476;0.5999999999999999
477;0.5999999999999999
478;0.5999999999999999
479;0.5999999999999999
480;0.5999999999999999
481;0.5999999999999999
482;0.5999999999999999
483;0.5999999999999999
484;0.5999999999999999
485;0.5999999999999999
486;0.5999999999999999
487;0.5999999999999999
488;0.5999999999999999
489;0.5999999999999999
490;0.5999999999999999
491;0.5999999999999999
492;0.5999999999999999
493;0.5999999999999999
494;0.5999999999999999
495;0.5999999999999999
496;0.5999999999999999
497;0.5999999999999999
498;0.5999999999999999
499;0.5999999999999999
500;0.5999999999999999
501;0.5999999999999999
502;0.5999999999999999
503;0.5999999999999999
504;0.5999999999999999
505;0.5999999999999999
506;0.5999999999999999
507;0.5999999999999999
508;0.5999999999999999
509;0.5999999999999999
510;0.5999999999999999
511;0.5999999999999999
512;0.5999999999999999
513;0.5999999999999999
514;0.5999999999999999
515;0.5999999999999999
516;0.5999999999999999
517;0.5999999999999999
518;0.5999999999999999
519;0.5999999999999999
520;0.5999999999999999
521;0.5999999999999999
522;0.5999999999999999
523;0.5999999999999999
524;0.5999999999999999
525;0.5999999999999999
526;0.5999999999999999
527;0.5999999999999999
528;0.5999999999999999
529;0.5999999999999999
530;0.5999999999999999
531;0.5999999999999999
532;0.5999999999999999
533;0.5999999999999999
534;0.5999999999999999
535;0.5999999999999999
536;0.5999999999999999
537;0.5999999999999999
538;0.5999999999999999
539;0.5999999999999999
540;0.5999999999999999
541;0.5999999999999999
542;0.5999999999999999
543;0.5999999999999999
544;0.5999999999999999
545;0.5999999999999999
546;0.5999999999999999
547;0.5999999999999999
548;0.5999999999999999
549;0.5999999999999999
550;0.5999999999999999
551;0.5999999999999999
552;0.5999999999999999
553;0.5999999999999999
554;0.5999999999999999
555;0.5999999999999999
556;0.5999999999999999
557;0.5999999999999999
558;0.5999999999999999
559;0.5999999999999999
560;0.5999999999999999
561;0.5999999999999999
562;0.5999999999999999
563;0.5999999999999999
564;0.5999999999999999
565;0.5999999999999999
566;0.5999999999999999
567;0.5999999999999999
568;0.5999999999999999
569;0.5999999999999999
570;0.5999999999999999
571;0.5999999999999999
572;0.5999999999999999
573;0.5999999999999999
574;0.5999999999999999
575;0.5999999999999999
576;0.5999999999999999
577;0.5999999999999999
578;0.5999999999999999
579;0.5999999999999999
580;0.5999999999999999
581;0.5999999999999999
582;0.5999999999999999
583;0.5999999999999999
584;0.5999999999999999
585;0.5999999999999999
586;0.5999999999999999
587;0.5999999999999999
588;0.5999999999999999
589;0.5999999999999999
590;0.5999999999999999
591;0.5999999999999999
592;0.5999999999999999
593;0.5999999999999999
594;0.5999999999999999
595;0.5999999999999999
596;0.5999999999999999
597;0.5999999999999999
598;0.5999999999999999
599;0.5999999999999999
600;0.5999999999999999
601;0.5999999999999999
602;0.5999999999999999
603;0.5999999999999999
604;0.5999999999999999
605;0.5999999999999999
606;0.5999999999999999
607;0.5999999999999999
608;0.5999999999999999
609;0.5999999999999999
610;0.5999999999999999
611;0.5999999999999999
612;0.5999999999999999
613;0.5999999999999999
614;0.5999999999999999
615;0.5999999999999999
616;0.5999999999999999
617;0.5999999999999999
618;0.5999999999999999
619;0.5999999999999999
620;0.5999999999999999
621;0.5999999999999999
622;0.5999999999999999
623;0.5999999999999999
624;0.5999999999999999
625;0.5999999999999999
626;0.5999999999999999
627;0.5999999999999999
628;0.5999999999999999
629;0.5999999999999999
630;0.5999999999999999
631;0.5999999999999999
632;0.5999999999999999
633;0.5999999999999999
634;0.5999999999999999
635;0.5999999999999999
636;0.5999999999999999
637;0.5999999999999999
638;0.5999999999999999
639;0.5999999999999999
640;0.5999999999999999
641;0.5999999999999999
642;0.5999999999999999
643;0.5999999999999999
644;0.5999999999999999
645;0.5999999999999999
646;0.5999999999999999
647;0.5999999999999999
648;0.5999999999999999
649;0.5999999999999999
650;0.5999999999999999
651;0.5999999999999999
652;0.5999999999999999
653;0.5999999999999999
654;0.5999999999999999
655;0.5999999999999999
656;0.5999999999999999
657;0.5999999999999999
658;0.5999999999999999
659;0.5999999999999999
660;0.5999999999999999
661;0.5999999999999999
662;0.5999999999999999
663;0.5999999999999999
664;0.5999999999999999
665;0.5999999999999999
666;0.5999999999999999
667;0.5999999999999999
668;0.5999999999999999
669;0.5999999999999999
670;0.5999999999999999
671;0.5999999999999999
672;0.5999999999999999
673;0.5999999999999999
674;0.5999999999999999
675;0.5999999999999999
676;0.5999999999999999
677;0.5999999999999999
678;0.5999999999999999
679;0.5999999999999999
680;0.5999999999999999
681;0.5999999999999999
682;0.5999999999999999
683;0.5999999999999999
684;0.5999999999999999
685;0.5999999999999999
686;0.5999999999999999
687;0.5999999999999999
688;0.5999999999999999
689;0.5999999999999999
690;0.5999999999999999
691;0.5999999999999999
692;0.5999999999999999
693;0.5999999999999999
694;0.5999999999999999
695;0.5999999999999999
696;0.5999999999999999
697;0.5999999999999999
698;0.5999999999999999
699;0.5999999999999999
700;0.5999999999999999
701;0.5999999999999999
702;0.5999999999999999
703;0.5999999999999999
704;0.5999999999999999
705;0.5999999999999999
706;0.5999999999999999
707;0.5999999999999999
708;0.5999999999999999
709;0.5999999999999999
710;0.5999999999999999
711;0.5999999999999999
712;0.5999999999999999
713;0.5999999999999999
714;0.5999999999999999
715;0.5999999999999999
716;0.5999999999999999
717;0.5999999999999999
718;0.5999999999999999
719;0.5999999999999999
720;0.5999999999999999
721;0.5999999999999999
722;0.5999999999999999
723;0.5999999999999999
724;0.5999999999999999
725;0.5999999999999999
726;0.5999999999999999
727;0.5999999999999999
728;0.5999999999999999
729;0.5999999999999999
730;0.5999999999999999
731;0.5999999999999999
732;0.5999999999999999
733;0.5999999999999999
734;0.5999999999999999
735;0.5999999999999999
736;0.5999999999999999
737;0.5999999999999999
738;0.5999999999999999
739;0.5999999999999999
740;0.5999999999999999
741;0.5999999999999999
742;0.5999999999999999
743;0.5999999999999999
744;0.5999999999999999
745;0.5999999999999999
746;0.5999999999999999
747;0.5999999999999999
748;0.5999999999999999
749;0.5999999999999999
750;0.5999999999999999
751;0.5999999999999999
752;0.5999999999999999
753;0.5999999999999999
754;0.5999999999999999
755;0.5999999999999999
756;0.5999999999999999
757;0.5999999999999999
758;0.5999999999999999
759;0.5999999999999999
760;0.5999999999999999
761;0.5999999999999999
762;0.5999999999999999
763;0.5999999999999999
764;0.5999999999999999
765;0.5999999999999999
766;0.5999999999999999
767;0.5999999999999999
768;0.5999999999999999
769;0.5990476190476189
770;0.6004761904761903
771;0.6023809523809522
772;0.6047619047619046
773;0.609047619047619
774;0.6109523809523809
775;0.6138095238095238
776;0.6214285714285713
777;0.6252380952380951
778;0.628095238095238
779;0.6319047619047619
780;0.6319047619047619
781;0.6309523809523809
782;0.63
783;0.6280952380952382
784;0.6238095238095237
785;0.6195238095238096
786;0.6109523809523811
787;0.6085714285714285
788;0.6080952380952381
789;0.6061904761904763
790;0.6114285714285715
791;0.613809523809524
792;0.6180952380952381
793;0.6228571428571429
794;0.6276190476190476
795;0.63
796;0.6309523809523809
797;0.6323809523809524
798;0.6323809523809524
799;0.6323809523809524
800;0.6295238095238096
801;0.6261904761904762
802;0.619047619047619
803;0.6161904761904761
804;0.6104761904761904
805;0.6104761904761904
806;0.607142857142857
807;0.6042857142857141
808;0.5999999999999999
809;0.5999999999999999
810;0.5999999999999999
811;0.5999999999999999
812;0.5999999999999999
813;0.5999999999999999
814;0.5999999999999999
815;0.5999999999999999
816;0.5999999999999999
817;0.5999999999999999
818;0.5999999999999999
819;0.5999999999999999
820;0.5999999999999999
821;0.5999999999999999
822;0.5999999999999999
823;0.5999999999999999
824;0.5999999999999999
825;0.5999999999999999
826;0.5999999999999999
827;0.5999999999999999
828;0.5999999999999999
829;0.5999999999999999
830;0.5999999999999999
831;0.5999999999999999
832;0.5999999999999999
833;0.5999999999999999
834;0.5999999999999999
835;0.5999999999999999
836;0.5999999999999999
837;0.5999999999999999
838;0.5999999999999999
839;0.5999999999999999
840;0.5999999999999999
841;0.5999999999999999
842;0.5999999999999999
843;0.5999999999999999
844;0.5999999999999999
845;0.5999999999999999
846;0.5999999999999999
847;0.5999999999999999
848;0.5999999999999999
849;0.5999999999999999
850;0.5999999999999999
851;0.5999999999999999
852;0.5999999999999999
853;0.5999999999999999
854;0.5999999999999999
855;0.5999999999999999
856;0.5999999999999999
857;0.5999999999999999
858;0.5999999999999999
859;0.5999999999999999
860;0.5999999999999999
861;0.5999999999999999
862;0.5999999999999999
863;0.5999999999999999
864;0.5999999999999999
865;0.5999999999999999
866;0.5999999999999999
867;0.5999999999999999
868;0.5999999999999999
869;0.5999999999999999
870;0.5999999999999999
871;0.5999999999999999
872;0.5999999999999999
873;0.5999999999999999
874;0.5999999999999999
875;0.5999999999999999
876;0.5999999999999999
877;0.5999999999999999
878;0.5999999999999999
879;0.5999999999999999
880;0.5999999999999999
881;0.5999999999999999
882;0.5999999999999999
883;0.5999999999999999
884;0.5999999999999999
885;0.5999999999999999
886;0.5999999999999999
887;0.5999999999999999
888;0.5999999999999999
889;0.5999999999999999
890;0.5999999999999999
891;0.5999999999999999
892;0.5999999999999999
893;0.5999999999999999
894;0.5999999999999999
895;0.5999999999999999
896;0.5999999999999999
897;0.5999999999999999
898;0.5999999999999999
899;0.5999999999999999
900;0.5999999999999999
901;0.5999999999999999
902;0.5999999999999999
903;0.5999999999999999
904;0.5999999999999999
905;0.5999999999999999
906;0.5999999999999999
907;0.5999999999999999
908;0.5999999999999999
909;0.5999999999999999
910;0.5999999999999999
911;0.5999999999999999
912;0.5999999999999999
913;0.5999999999999999
914;0.5999999999999999
915;0.5999999999999999
916;0.5999999999999999
917;0.5999999999999999
918;0.5999999999999999
919;0.5999999999999999
920;0.5999999999999999
921;0.5999999999999999
922;0.5999999999999999
923;0.5999999999999999
924;0.5999999999999999
925;0.5999999999999999
926;0.5999999999999999
927;0.5999999999999999
928;0.5999999999999999
929;0.5999999999999999
930;0.5999999999999999
931;0.5999999999999999
932;0.5999999999999999
933;0.5999999999999999
934;0.5999999999999999
935;0.5999999999999999
936;0.5999999999999999
937;0.5999999999999999
938;0.5999999999999999
939;0.5999999999999999
940;0.5999999999999999
941;0.5999999999999999
942;0.5999999999999999
943;0.5999999999999999
944;0.5999999999999999
945;0.5999999999999999
946;0.5999999999999999
947;0.5999999999999999
948;0.5999999999999999
949;0.5999999999999999
950;0.5999999999999999
951;0.5999999999999999
952;0.5999999999999999
953;0.5999999999999999
954;0.5999999999999999
955;0.5999999999999999
956;0.5999999999999999
957;0.5999999999999999
958;0.5999999999999999
959;0.5999999999999999
960;0.5999999999999999
961;0.5999999999999999
962;0.5999999999999999
963;0.5999999999999999
964;0.5999999999999999
965;0.5999999999999999
966;0.5999999999999999
967;0.5999999999999999
968;0.5999999999999999
969;0.5999999999999999
970;0.5999999999999999
971;0.5999999999999999
972;0.5999999999999999
973;0.5999999999999999
974;0.5999999999999999
975;0.5999999999999999
976;0.5999999999999999
977;0.5999999999999999
978;0.5999999999999999
979;0.5999999999999999
980;0.5999999999999999
981;0.5999999999999999
982;0.5999999999999999
983;0.5999999999999999
984;0.5999999999999999
985;0.5999999999999999
986;0.5999999999999999
987;0.5999999999999999
988;0.5999999999999999
989;0.5999999999999999
990;0.5999999999999999
991;0.5999999999999999
992;0.5999999999999999
993;0.5999999999999999
994;0.5999999999999999
995;0.5999999999999999
996;0.5999999999999999
997;0.5999999999999999
998;0.5999999999999999
999;0.5999999999999999
1000;0.5999999999999999
1001;0.5999999999999999
1002;0.5999999999999999
1003;0.5999999999999999
1004;0.5999999999999999
1005;0.5999999999999999
1006;0.5999999999999999
1007;0.5999999999999999
1008;0.5999999999999999
1009;0.5999999999999999
1010;0.5999999999999999
1011;0.5999999999999999
1012;0.5999999999999999
1013;0.5999999999999999
1014;0.5999999999999999
1015;0.5999999999999999
1016;0.5999999999999999
1017;0.5999999999999999
1018;0.5999999999999999
1019;0.5999999999999999
1020;0.5999999999999999
1021;0.5999999999999999
1022;0.5999999999999999
1023;0.5999999999999999
1024;0.5999999999999999
1025;0.5999999999999999
1026;0.5999999999999999
1027;0.5999999999999999
1028;0.5999999999999999
1029;0.5999999999999999
1030;0.5999999999999999
1031;0.5999999999999999
1032;0.5999999999999999
1033;0.5999999999999999
1034;0.5999999999999999
1035;0.5999999999999999
1036;0.5999999999999999
1037;0.5999999999999999
1038;0.5999999999999999
1039;0.5999999999999999
1040;0.5999999999999999
1041;0.5999999999999999
1042;0.5999999999999999
1043;0.5999999999999999
1044;0.5999999999999999
1045;0.5999999999999999
1046;0.5999999999999999
1047;0.5999999999999999
1048;0.5999999999999999
1049;0.5999999999999999
1050;0.5999999999999999
1051;0.5999999999999999
1052;0.5999999999999999
1053;0.5999999999999999
1054;0.5999999999999999
1055;0.5999999999999999
1056;0.5999999999999999
1057;0.5999999999999999
1058;0.5999999999999999
1059;0.5999999999999999
1060;0.5999999999999999
1061;0.5999999999999999
1062;0.5999999999999999
1063;0.5999999999999999
1064;0.5999999999999999
1065;0.5999999999999999
1066;0.5999999999999999
1067;0.5999999999999999
1068;0.5999999999999999
1069;0.5999999999999999
1070;0.5999999999999999
1071;0.5999999999999999
1072;0.5999999999999999
1073;0.5999999999999999
1074;0.5999999999999999
1075;0.5999999999999999
1076;0.5999999999999999
1077;0.5999999999999999
1078;0.5999999999999999
1079;0.5999999999999999
1080;0.5999999999999999
1081;0.5999999999999999
1082;0.5999999999999999
1083;0.5999999999999999
1084;0.5999999999999999
1085;0.5999999999999999
1086;0.5999999999999999
1087;0.5999999999999999
1088;0.5999999999999999
1089;0.5999999999999999
1090;0.5999999999999999
1091;0.5999999999999999
1092;0.5999999999999999
1093;0.5999999999999999
1094;0.5999999999999999
1095;0.5999999999999999
1096;0.5999999999999999
1097;0.5999999999999999
1098;0.5999999999999999
1099;0.5999999999999999
1100;0.5999999999999999
1101;0.5999999999999999
1102;0.5999999999999999
1103;0.5999999999999999
1104;0.5999999999999999
1105;0.5999999999999999
1106;0.5999999999999999
1107;0.5999999999999999
1108;0.5999999999999999
1109;0.5999999999999999
1110;0.5999999999999999
1111;0.5999999999999999
1112;0.5999999999999999
1113;0.5999999999999999
1114;0.5999999999999999
1115;0.5999999999999999
1116;0.5999999999999999
1117;0.5999999999999999
1118;0.5999999999999999
1119;0.5999999999999999
1120;0.5999999999999999
1121;0.5999999999999999
1122;0.5999999999999999
1123;0.5999999999999999
1124;0.5999999999999999
1125;0.5999999999999999
1126;0.5999999999999999
1127;0.5999999999999999
1128;0.5999999999999999
1129;0.5999999999999999
1130;0.5999999999999999
1131;0.5999999999999999
1132;0.5999999999999999
1133;0.5999999999999999
1134;0.5999999999999999
1135;0.5999999999999999
1136;0.5999999999999999
1137;0.5999999999999999
1138;0.5999999999999999
1139;0.5999999999999999
1140;0.5999999999999999
1141;0.5999999999999999
1142;0.5999999999999999
1143;0.5999999999999999
1144;0.5999999999999999
1145;0.5999999999999999
1146;0.5999999999999999
1147;0.5999999999999999
1148;0.5999999999999999
1149;0.5999999999999999
1150;0.5999999999999999
1151;0.5999999999999999
1152;0.5999999999999999
1153;0.5999999999999999
1154;0.5999999999999999
1155;0.5999999999999999
1156;0.5999999999999999
1157;0.5999999999999999
1158;0.5999999999999999
1159;0.5999999999999999
1160;0.5999999999999999
1161;0.5999999999999999
1162;0.5999999999999999
1163;0.5999999999999999
1164;0.5999999999999999
1165;0.5999999999999999
1166;0.5999999999999999
1167;0.5999999999999999
1168;0.5999999999999999
1169;0.5999999999999999
1170;0.5999999999999999
1171;0.5999999999999999
1172;0.5999999999999999
1173;0.5999999999999999
1174;0.5999999999999999
1175;0.5999999999999999
1176;0.5999999999999999
1177;0.5999999999999999
1178;0.5999999999999999
1179;0.5999999999999999
1180;0.5999999999999999
1181;0.5999999999999999
1182;0.5999999999999999
1183;0.5999999999999999
1184;0.5999999999999999
1185;0.5999999999999999
1186;0.5999999999999999
1187;0.5999999999999999
1188;0.5999999999999999
1189;0.5999999999999999
1190;0.5999999999999999
1191;0.5999999999999999
1192;0.5999999999999999
1193;0.5999999999999999
1194;0.5999999999999999
1195;0.5999999999999999
1196;0.5999999999999999
1197;0.5999999999999999
1198;0.5999999999999999
1199;0.5999999999999999
1200;0.5999999999999999
1201;0.5999999999999999
1202;0.5999999999999999
1203;0.5999999999999999
1204;0.5999999999999999
1205;0.5999999999999999
1206;0.5999999999999999
1207;0.5999999999999999
1208;0.5999999999999999
1209;0.5999999999999999
1210;0.5999999999999999
1211;0.5999999999999999
1212;0.5999999999999999
1213;0.5999999999999999
1214;0.5999999999999999
1215;0.5999999999999999
1216;0.5999999999999999
1217;0.5999999999999999
1218;0.5999999999999999
1219;0.5999999999999999
1220;0.5999999999999999
1221;0.5999999999999999
1222;0.5999999999999999
1223;0.5999999999999999
1224;0.5999999999999999
1225;0.5999999999999999
1226;0.5999999999999999
1227;0.5999999999999999
1228;0.5999999999999999
1229;0.5999999999999999
1230;0.5999999999999999
1231;0.5999999999999999
1232;0.5999999999999999
1233;0.5999999999999999
1234;0.5999999999999999
1235;0.5999999999999999
1236;0.5999999999999999
1237;0.5999999999999999
1238;0.5999999999999999
1239;0.5999999999999999
1240;0.5999999999999999
1241;0.5999999999999999
1242;0.5999999999999999
1243;0.5999999999999999
1244;0.5999999999999999
1245;0.5999999999999999
1246;0.5999999999999999
1247;0.5999999999999999
1248;0.5999999999999999
1249;0.5995238095238093
1250;0.598095238095238
1251;0.598095238095238
1252;0.5952380952380951
1253;0.5933333333333333
1254;0.5919047619047618
1255;0.588095238095238
1256;0.5880952380952381
1257;0.5880952380952382
1258;0.588095238095238
1259;0.5842857142857142
1260;0.5823809523809522
1261;0.5823809523809524
1262;0.5852380952380952
1263;0.5895238095238095
1264;0.5942857142857144
1265;0.6009523809523809
1266;0.6000000000000001
1267;0.6052380952380952
1268;0.6080952380952381
1269;0.6128571428571429
1270;0.6204761904761904
1271;0.6271428571428571
1272;0.6252380952380954
1273;0.6247619047619049
1274;0.6314285714285713
1275;0.6323809523809524
1276;0.6342857142857142
1277;0.637142857142857
1278;0.6366666666666666
1279;0.6366666666666666
1280;0.6385714285714286
1281;0.6414285714285713
1282;0.6423809523809524
1283;0.6480952380952381
1284;0.65
1285;0.6504761904761903
1286;0.6523809523809525
1287;0.6528571428571429
1288;0.6528571428571429
1289;0.6538095238095238
1290;0.6533333333333333
1291;0.6533333333333333
1292;0.6523809523809524
1293;0.6538095238095236
1294;0.6528571428571428
1295;0.658095238095238
1296;0.658095238095238
1297;0.658095238095238
1298;0.6576190476190474
1299;0.658095238095238
1300;0.6557142857142856
1301;0.6576190476190473
1302;0.657142857142857
1303;0.6566666666666666
1304;0.659047619047619
1305;0.6580952380952381
1306;0.657142857142857
1307;0.6576190476190474
1308;0.6595238095238094
1309;0.659047619047619
1310;0.6609523809523808
1311;0.6604761904761902
1312;0.6595238095238094
1313;0.6604761904761902
1314;0.6604761904761903
1315;0.6604761904761903
1316;0.6604761904761903
1317;0.6599999999999998
1318;0.6595238095238095
1319;0.6614285714285714
1320;0.6623809523809523
1321;0.6623809523809523
1322;0.6619047619047618
1323;0.6638095238095236
1324;0.6633333333333333
1325;0.6623809523809523
1326;0.6623809523809523
1327;0.6638095238095238
1328;0.6638095238095238
1329;0.6652380952380952
1330;0.6657142857142856
1331;0.6657142857142856
1332;0.6652380952380952
1333;0.6652380952380952
1334;0.6657142857142856
1335;0.6647619047619047
1336;0.6642857142857141
1337;0.6642857142857141
1338;0.6657142857142856
1339;0.6652380952380951
1340;0.6657142857142856
1341;0.6657142857142856
1342;0.6666666666666665
1343;0.667142857142857
1344;0.667142857142857
1345;0.6666666666666665
1346;0.6676190476190474
1347;0.667142857142857
1348;0.6652380952380951
1349;0.6666666666666665
1350;0.6680952380952381
1351;0.6666666666666665
1352;0.6652380952380951
1353;0.6652380952380952
1354;0.6647619047619047
1355;0.6647619047619047
1356;0.6642857142857141
1357;0.6642857142857141
1358;0.6642857142857141
1359;0.6652380952380951
1360;0.6647619047619048
1361;0.6628571428571429
1362;0.6628571428571429
1363;0.6623809523809524
1364;0.6604761904761905
1365;0.6614285714285715
1366;0.6609523809523811
1367;0.6604761904761905
1368;0.6609523809523811
1369;0.66
1370;0.66
1371;0.6595238095238096
1372;0.6595238095238096
1373;0.6595238095238096
1374;0.6590476190476191
1375;0.6585714285714286
1376;0.6590476190476191
1377;0.6585714285714288
1378;0.6580952380952383
1379;0.6580952380952383
1380;0.6576190476190478
1381;0.6580952380952383
1382;0.6576190476190478
1383;0.6571428571428573
1384;0.6557142857142858
1385;0.6557142857142858
1386;0.655714285714286
1387;0.655714285714286
1388;0.6542857142857145
1389;0.6542857142857145
1390;0.6542857142857145
1391;0.654761904761905
1392;0.653809523809524
1393;0.6533333333333334
1394;0.6523809523809524
1395;0.652857142857143
1396;0.651904761904762
1397;0.65
1398;0.6519047619047619
1399;0.6523809523809524
1400;0.6523809523809524
1401;0.6514285714285716
1402;0.6509523809523811
1403;0.6504761904761905
1404;0.65
1405;0.6495238095238095
1406;0.6490476190476191
1407;0.6504761904761905
1408;0.6504761904761905
1409;0.6504761904761905
1410;0.6509523809523811
1411;0.6504761904761905
1412;0.6485714285714285
1413;0.6485714285714285
1414;0.6485714285714285
1415;0.648095238095238
1416;0.648095238095238
1417;0.6476190476190474
1418;0.649047619047619
1419;0.649047619047619
1420;0.6499999999999999
1421;0.6504761904761903
1422;0.6504761904761902
1423;0.6514285714285712
1424;0.6509523809523807
1425;0.6504761904761903
1426;0.6519047619047618
1427;0.6519047619047618
1428;0.6514285714285712
1429;0.6519047619047618
1430;0.6528571428571426
1431;0.6523809523809523
1432;0.6528571428571428
1433;0.6533333333333331
1434;0.6519047619047618
1435;0.6528571428571428
1436;0.6528571428571428
1437;0.6528571428571428
1438;0.6523809523809523
1439;0.6533333333333333
1440;0.6533333333333333
1441;0.6528571428571428
1442;0.6528571428571428
1443;0.6528571428571428
1444;0.6523809523809523
1445;0.6523809523809523
1446;0.6523809523809523
1447;0.6523809523809523
1448;0.6509523809523807
1449;0.6504761904761903
1450;0.6509523809523808
1451;0.6519047619047618
1452;0.6514285714285712
1453;0.6514285714285712
1454;0.6523809523809522
1455;0.6514285714285712
1456;0.6514285714285712
1457;0.6519047619047618
1458;0.6519047619047618
1459;0.6523809523809522
1460;0.6514285714285712
1461;0.6519047619047617
1462;0.6528571428571426
1463;0.6547619047619045
1464;0.6561904761904761
1465;0.6552380952380951
1466;0.6528571428571428
1467;0.6533333333333333
1468;0.6538095238095238
1469;0.6519047619047618
1470;0.6504761904761903
1471;0.6495238095238094
1472;0.6466666666666666
1473;0.6433333333333333
1474;0.6423809523809524
1475;0.6404761904761905
1476;0.6409523809523808
1477;0.6395238095238096
1478;0.6385714285714286
1479;0.6376190476190478
1480;0.6347619047619049
1481;0.6342857142857145
1482;0.6323809523809526
1483;0.6304761904761907
1484;0.6295238095238097
1485;0.6280952380952383
1486;0.6261904761904762
1487;0.6228571428571429
1488;0.6209523809523809
1489;0.6157142857142857
1490;0.6152380952380953
1491;0.6142857142857142
1492;0.6147619047619046
