Spectrum section;avg. accuracy
1;0.4509523809523808
2;0.43999999999999984
3;0.41190476190476166
4;0.43666666666666637
5;0.4509523809523811
6;0.5166666666666668
7;0.4842857142857142
8;0.43952380952380954
9;0.4823809523809524
10;0.5233333333333333
11;0.5304761904761904
12;0.48619047619047606
13;0.49571428571428583
14;0.4952380952380953
15;0.4623809523809521
16;0.42999999999999977
17;0.48857142857142866
18;0.5100000000000001
19;0.5323809523809525
20;0.523809523809524
21;0.5542857142857144
22;0.5152380952380953
23;0.5333333333333333
24;0.4938095238095241
25;0.5114285714285715
26;0.5014285714285716
27;0.5080952380952382
28;0.5371428571428573
29;0.5233333333333333
30;0.5019047619047619
31;0.5142857142857141
32;0.4928571428571427
33;0.45476190476190453
34;0.4647619047619046
35;0.45428571428571424
36;0.4738095238095238
37;0.5214285714285714
38;0.5066666666666665
39;0.5504761904761903
40;0.45999999999999985
41;0.4647619047619046
42;0.5161904761904761
43;0.5271428571428571
44;0.5604761904761904
45;0.5352380952380954
46;0.551904761904762
47;0.5309523809523808
48;0.5261904761904762
49;0.534761904761905
50;0.5395238095238095
51;0.541904761904762
52;0.5623809523809524
53;0.5680952380952383
54;0.566190476190476
55;0.5409523809523811
56;0.5333333333333334
57;0.5071428571428572
58;0.49476190476190474
59;0.46380952380952367
60;0.473809523809524
61;0.4695238095238095
62;0.4785714285714283
63;0.4814285714285714
64;0.5009523809523811
65;0.5323809523809524
66;0.4966666666666667
67;0.5204761904761908
68;0.4842857142857144
69;0.4857142857142856
70;0.49809523809523804
71;0.5061904761904763
72;0.5085714285714286
73;0.4738095238095238
74;0.4666666666666666
75;0.4385714285714284
76;0.510952380952381
77;0.529047619047619
78;0.5523809523809525
79;0.5295238095238094
80;0.561904761904762
81;0.5590476190476191
82;0.5280952380952381
83;0.5128571428571429
84;0.4961904761904762
85;0.4814285714285715
86;0.4880952380952381
87;0.46333333333333326
88;0.4690476190476187
89;0.46761904761904743
90;0.517142857142857
91;0.5147619047619048
92;0.5323809523809523
93;0.5461904761904762
94;0.5023809523809524
95;0.5028571428571427
96;0.47619047619047605
97;0.4509523809523809
98;0.4461904761904761
99;0.4461904761904761
100;0.4619047619047618
101;0.5104761904761905
102;0.5161904761904763
103;0.5061904761904763
104;0.5152380952380952
105;0.4985714285714286
106;0.47952380952380935
107;0.45666666666666667
108;0.44476190476190475
109;0.46619047619047627
110;0.5038095238095238
111;0.4771428571428569
112;0.4557142857142859
113;0.44857142857142857
114;0.4485714285714287
115;0.41428571428571415
116;0.40761904761904744
117;0.4104761904761903
118;0.41666666666666635
119;0.44095238095238065
120;0.45809523809523783
121;0.42190476190476145
122;0.443333333333333
123;0.436190476190476
124;0.4114285714285711
125;0.40095238095238067
126;0.39761904761904737
127;0.3966666666666665
128;0.41476190476190455
129;0.43047619047618996
130;0.39428571428571396
131;0.41523809523809496
132;0.4180952380952378
133;0.4285714285714284
134;0.46761904761904755
135;0.4528571428571427
136;0.4609523809523808
137;0.43476190476190446
138;0.4409523809523808
139;0.42142857142857126
140;0.3938095238095235
141;0.38142857142857123
142;0.34809523809523774
143;0.36238095238095197
144;0.32761904761904714
145;0.34761904761904716
146;0.3699999999999995
147;0.3666666666666662
148;0.37333333333333313
149;0.3752380952380948
150;0.3699999999999997
151;0.3876190476190475
152;0.44095238095238065
153;0.4204761904761903
154;0.43047619047619046
155;0.4366666666666666
156;0.4328571428571428
157;0.4299999999999997
158;0.4004761904761902
159;0.40714285714285686
160;0.3947619047619045
161;0.43238095238095225
162;0.4338095238095236
163;0.46857142857142864
164;0.4871428571428572
165;0.4833333333333333
166;0.48857142857142855
167;0.4914285714285713
168;0.480952380952381
169;0.47380952380952357
170;0.4538095238095236
171;0.46761904761904766
172;0.45857142857142846
173;0.4461904761904759
174;0.45904761904761904
175;0.45047619047619025
176;0.4509523809523806
177;0.48285714285714254
178;0.4814285714285713
179;0.46619047619047604
180;0.4271428571428571
181;0.43190476190476157
182;0.44714285714285695
183;0.4680952380952382
184;0.4938095238095237
185;0.4914285714285716
186;0.4771428571428571
187;0.45285714285714285
188;0.4595238095238095
189;0.46095238095238095
190;0.44523809523809504
191;0.4361904761904759
192;0.42285714285714265
193;0.44904761904761886
194;0.4533333333333332
195;0.4685714285714285
196;0.4623809523809524
197;0.44809523809523805
198;0.4599999999999998
199;0.486190476190476
200;0.5023809523809522
201;0.5023809523809524
202;0.5176190476190478
203;0.49142857142857144
204;0.4557142857142854
205;0.4304761904761903
206;0.4076190476190473
207;0.40095238095238045
208;0.3657142857142853
209;0.383333333333333
210;0.37428571428571383
211;0.37952380952380915
212;0.38476190476190447
213;0.38619047619047586
214;0.4038095238095234
215;0.4304761904761903
216;0.44047619047619035
217;0.45
218;0.4485714285714287
219;0.4352380952380951
220;0.4399999999999998
221;0.4480952380952379
222;0.41619047619047583
223;0.3961904761904755
224;0.39809523809523784
225;0.39142857142857096
226;0.3852380952380949
227;0.4057142857142854
228;0.4290476190476188
229;0.40809523809523796
230;0.4247619047619046
231;0.42285714285714254
232;0.4457142857142856
233;0.4223809523809522
234;0.4514285714285714
235;0.46904761904761894
236;0.48000000000000015
237;0.48666666666666664
238;0.45857142857142824
239;0.45476190476190453
240;0.4342857142857141
241;0.43238095238095225
242;0.4157142857142857
243;0.43
244;0.447142857142857
245;0.43761904761904724
246;0.43000000000000016
247;0.43285714285714294
248;0.4504761904761904
249;0.4347619047619045
250;0.4685714285714287
251;0.4609523809523807
252;0.4776190476190477
253;0.4776190476190475
254;0.48238095238095224
255;0.4728571428571429
256;0.4866666666666666
257;0.4671428571428569
258;0.4114285714285712
259;0.4223809523809522
260;0.42476190476190445
261;0.40380952380952356
262;0.44761904761904775
263;0.44523809523809527
264;0.43380952380952364
265;0.4719047619047618
266;0.47047619047619044
267;0.47952380952380935
268;0.46857142857142825
269;0.4338095238095236
270;0.4309523809523808
271;0.43666666666666665
272;0.4495238095238093
273;0.45761904761904765
274;0.47238095238095246
275;0.49190476190476184
276;0.5152380952380952
277;0.5071428571428572
278;0.508095238095238
279;0.5147619047619046
280;0.5057142857142854
281;0.5233333333333334
282;0.5395238095238095
283;0.5576190476190477
284;0.570952380952381
285;0.5733333333333331
286;0.5857142857142859
287;0.5842857142857141
288;0.6000000000000002
289;0.5838095238095237
290;0.5704761904761905
291;0.5761904761904765
292;0.561904761904762
293;0.5733333333333331
294;0.5609523809523811
295;0.5628571428571428
296;0.531904761904762
297;0.5071428571428571
298;0.5199999999999998
299;0.5161904761904761
300;0.5138095238095237
301;0.5414285714285714
302;0.5723809523809527
303;0.5495238095238096
304;0.5652380952380952
305;0.5728571428571428
306;0.611904761904762
307;0.5976190476190477
308;0.5819047619047623
309;0.5876190476190474
310;0.5909523809523809
311;0.622857142857143
312;0.6319047619047619
313;0.6476190476190475
314;0.6209523809523807
315;0.6252380952380951
316;0.6014285714285714
317;0.5723809523809527
318;0.5461904761904761
319;0.5276190476190474
320;0.5642857142857142
321;0.5571428571428572
322;0.5504761904761905
323;0.5614285714285714
324;0.5580952380952382
325;0.5619047619047619
326;0.5504761904761907
327;0.5247619047619047
328;0.5028571428571427
329;0.5266666666666666
330;0.5152380952380952
331;0.5066666666666666
332;0.49523809523809503
333;0.4733333333333333
334;0.4909523809523808
335;0.4904761904761903
336;0.5047619047619046
337;0.5433333333333334
338;0.5642857142857145
339;0.5742857142857143
340;0.5742857142857143
341;0.5847619047619046
342;0.59
343;0.5957142857142856
344;0.5947619047619046
345;0.5838095238095239
346;0.5733333333333333
347;0.5690476190476191
348;0.5595238095238095
349;0.5709523809523812
350;0.5833333333333333
351;0.5733333333333333
352;0.5776190476190475
353;0.5742857142857142
354;0.562857142857143
355;0.5680952380952381
356;0.5771428571428572
357;0.5742857142857143
358;0.5838095238095239
359;0.5676190476190477
360;0.5695238095238095
361;0.5580952380952383
362;0.562857142857143
363;0.5714285714285713
364;0.5619047619047619
365;0.5733333333333333
366;0.5676190476190476
367;0.5595238095238095
368;0.5676190476190477
369;0.561904761904762
370;0.551904761904762
371;0.5423809523809522
372;0.5552380952380951
373;0.5566666666666663
374;0.5614285714285715
375;0.5647619047619047
376;0.5695238095238095
377;0.5652380952380952
378;0.5552380952380953
379;0.5604761904761907
380;0.5566666666666664
381;0.5457142857142855
382;0.550952380952381
383;0.5547619047619046
384;0.5695238095238095
385;0.5557142857142857
386;0.5523809523809524
387;0.5466666666666665
388;0.5366666666666664
389;0.5438095238095237
390;0.5376190476190478
391;0.5357142857142857
392;0.5352380952380954
393;0.5428571428571428
394;0.533809523809524
395;0.5442857142857145
396;0.5342857142857144
397;0.5442857142857145
398;0.5504761904761907
399;0.5628571428571428
400;0.5657142857142856
401;0.5619047619047619
402;0.5376190476190476
403;0.5638095238095235
404;0.5595238095238096
405;0.56
406;0.5666666666666669
407;0.5776190476190477
408;0.5733333333333333
409;0.5633333333333334
410;0.5642857142857141
411;0.5733333333333331
412;0.5871428571428572
413;0.5785714285714285
414;0.5585714285714286
415;0.5504761904761907
416;0.5342857142857143
417;0.5333333333333335
418;0.5295238095238094
419;0.5447619047619048
420;0.5428571428571428
421;0.53
422;0.5328571428571429
423;0.5376190476190476
424;0.5266666666666666
425;0.5247619047619048
426;0.5276190476190478
427;0.5271428571428572
428;0.5352380952380952
429;0.5476190476190478
430;0.5280952380952381
431;0.5376190476190477
432;0.5580952380952382
433;0.5438095238095239
434;0.5576190476190476
435;0.569047619047619
436;0.5795238095238093
437;0.5652380952380951
438;0.5857142857142857
439;0.5842857142857141
440;0.5766666666666667
441;0.538095238095238
442;0.5509523809523809
443;0.5661904761904761
444;0.5452380952380951
445;0.5447619047619047
446;0.5461904761904762
447;0.5276190476190475
448;0.5042857142857141
449;0.5028571428571424
450;0.49476190476190446
451;0.48476190476190445
452;0.4938095238095237
453;0.5119047619047618
454;0.5328571428571427
455;0.559047619047619
456;0.5419047619047617
457;0.5661904761904762
458;0.5752380952380952
459;0.5519047619047618
460;0.5633333333333334
461;0.541904761904762
462;0.5538095238095238
463;0.5309523809523808
464;0.507142857142857
465;0.5033333333333335
466;0.5104761904761905
467;0.5190476190476191
468;0.5257142857142857
469;0.5361904761904762
470;0.5352380952380953
471;0.5252380952380953
472;0.5185714285714284
473;0.5380952380952381
474;0.5495238095238095
475;0.568095238095238
476;0.5714285714285717
477;0.5976190476190477
478;0.6014285714285713
479;0.582857142857143
480;0.5761904761904763
481;0.5680952380952382
482;0.5457142857142856
483;0.536190476190476
484;0.5266666666666666
485;0.5038095238095238
486;0.49952380952380954
487;0.5133333333333335
488;0.5095238095238096
489;0.506190476190476
490;0.4990476190476189
491;0.4942857142857141
492;0.48571428571428543
493;0.5147619047619048
494;0.5338095238095238
495;0.549047619047619
496;0.52
497;0.4909523809523811
498;0.47666666666666674
499;0.4685714285714285
500;0.48047619047619045
501;0.468095238095238
502;0.46095238095238067
503;0.4461904761904762
504;0.4547619047619047
505;0.4704761904761905
506;0.44904761904761914
507;0.4495238095238093
508;0.47285714285714275
509;0.47095238095238096
510;0.46857142857142847
511;0.46333333333333315
512;0.4657142857142855
513;0.4623809523809523
514;0.4766666666666668
515;0.48904761904761906
516;0.4957142857142856
517;0.49571428571428583
518;0.48238095238095224
519;0.4866666666666667
520;0.4904761904761905
521;0.48190476190476195
522;0.4590476190476189
523;0.4780952380952384
524;0.4985714285714288
525;0.49190476190476184
526;0.48238095238095263
527;0.47857142857142854
528;0.5019047619047619
529;0.5057142857142858
530;0.4876190476190479
531;0.5033333333333333
532;0.480952380952381
533;0.4752380952380951
534;0.4585714285714287
535;0.4809523809523808
536;0.4880952380952379
537;0.4942857142857141
538;0.4723809523809521
539;0.4857142857142857
540;0.47428571428571414
541;0.4714285714285715
542;0.4904761904761905
543;0.4966666666666666
544;0.4880952380952381
545;0.4809523809523808
546;0.4828571428571427
547;0.49285714285714255
548;0.4995238095238095
549;0.5071428571428572
550;0.49904761904761913
551;0.5038095238095238
552;0.5066666666666667
553;0.5119047619047619
554;0.5038095238095238
555;0.4866666666666666
556;0.48333333333333317
557;0.4838095238095238
558;0.46142857142857124
559;0.4695238095238093
560;0.4809523809523807
561;0.487142857142857
562;0.49952380952380954
563;0.5114285714285716
564;0.5223809523809525
565;0.5347619047619047
566;0.5309523809523811
567;0.518095238095238
568;0.4919047619047616
569;0.49190476190476146
570;0.49190476190476196
571;0.47666666666666657
572;0.4695238095238096
573;0.4509523809523808
574;0.4657142857142854
575;0.48714285714285693
576;0.4619047619047617
577;0.44952380952380927
578;0.4519047619047619
579;0.46571428571428547
580;0.466190476190476
581;0.46761904761904755
582;0.4523809523809524
583;0.4466666666666665
584;0.45190476190476175
585;0.4566666666666665
586;0.44571428571428584
587;0.4523809523809524
588;0.4466666666666667
589;0.45047619047619036
590;0.4438095238095236
591;0.4433333333333331
592;0.42190476190476167
593;0.4366666666666665
594;0.43857142857142833
595;0.4319047619047619
596;0.4414285714285714
597;0.4376190476190473
598;0.45666666666666633
599;0.4699999999999998
600;0.457142857142857
601;0.4528571428571427
602;0.4671428571428568
603;0.46666666666666656
604;0.47714285714285704
605;0.47761904761904744
606;0.49428571428571416
607;0.49285714285714266
608;0.505238095238095
609;0.49476190476190446
610;0.4980952380952378
611;0.4976190476190475
612;0.49809523809523815
613;0.4890476190476193
614;0.4895238095238096
615;0.48428571428571443
616;0.5066666666666668
617;0.4814285714285714
618;0.46619047619047643
619;0.4814285714285714
620;0.4957142857142858
621;0.5014285714285713
622;0.48333333333333334
623;0.4952380952380953
624;0.4942857142857142
625;0.4871428571428571
626;0.4980952380952381
627;0.5019047619047616
628;0.47714285714285715
629;0.47476190476190483
630;0.4380952380952378
631;0.4571428571428568
632;0.44619047619047597
633;0.4476190476190478
634;0.4542857142857143
635;0.47047619047619044
636;0.47714285714285737
637;0.47
638;0.4619047619047617
639;0.45523809523809516
640;0.4509523809523807
641;0.456190476190476
642;0.45714285714285696
643;0.4676190476190477
644;0.47857142857142854
645;0.48571428571428577
646;0.4885714285714285
647;0.4661904761904762
648;0.468095238095238
649;0.46571428571428547
650;0.4661904761904762
651;0.4995238095238094
652;0.49952380952380965
653;0.500952380952381
654;0.511904761904762
655;0.508095238095238
656;0.48285714285714276
657;0.4780952380952379
658;0.45428571428571407
659;0.4700000000000001
660;0.4495238095238095
661;0.43857142857142833
662;0.41666666666666635
663;0.4290476190476189
664;0.42619047619047606
665;0.4166666666666664
666;0.4190476190476188
667;0.41142857142857137
668;0.4109523809523807
669;0.4223809523809522
670;0.4009523809523805
671;0.39238095238095205
672;0.4085714285714282
673;0.4004761904761903
674;0.4090476190476188
675;0.4276190476190475
676;0.4476190476190475
677;0.4590476190476188
678;0.44809523809523777
679;0.4533333333333331
680;0.44428571428571395
681;0.4276190476190474
682;0.41428571428571387
683;0.4319047619047617
684;0.42476190476190473
685;0.4371428571428569
686;0.44857142857142857
687;0.45523809523809505
688;0.4533333333333332
689;0.4414285714285712
690;0.4452380952380952
691;0.4561904761904762
692;0.44952380952380966
693;0.4533333333333332
694;0.45904761904761915
695;0.47047619047619066
696;0.4580952380952381
697;0.467142857142857
698;0.45857142857142874
699;0.4666666666666665
700;0.47714285714285715
701;0.46809523809523823
702;0.47190476190476227
703;0.47380952380952385
704;0.483809523809524
705;0.48761904761904773
706;0.5033333333333334
707;0.500952380952381
708;0.5042857142857141
709;0.5157142857142858
710;0.5238095238095238
711;0.5423809523809523
712;0.541904761904762
713;0.5314285714285716
714;0.5180952380952382
715;0.5185714285714288
716;0.4857142857142857
717;0.46571428571428564
718;0.4700000000000001
719;0.47380952380952385
720;0.4771428571428573
721;0.4747619047619049
722;0.4604761904761905
723;0.45095238095238094
724;0.4814285714285714
725;0.4871428571428572
726;0.4842857142857144
727;0.470952380952381
728;0.47761904761904794
729;0.49
730;0.49999999999999994
731;0.4795238095238094
732;0.4719047619047619
733;0.4923809523809522
734;0.4876190476190475
735;0.4804761904761904
736;0.4657142857142855
737;0.487142857142857
738;0.5133333333333333
739;0.510952380952381
740;0.5190476190476191
741;0.5004761904761905
742;0.4857142857142856
743;0.49047619047619057
744;0.5042857142857143
745;0.5238095238095241
746;0.5271428571428572
747;0.5242857142857145
748;0.5152380952380953
749;0.5061904761904763
750;0.4890476190476191
751;0.5061904761904763
752;0.523809523809524
753;0.5366666666666666
754;0.5371428571428571
755;0.5538095238095239
756;0.5566666666666666
757;0.5538095238095238
758;0.5604761904761904
759;0.5509523809523809
760;0.5585714285714289
761;0.5714285714285715
762;0.5723809523809525
763;0.5819047619047619
764;0.5676190476190477
765;0.5880952380952382
766;0.5761904761904763
767;0.579047619047619
768;0.6038095238095238
769;0.6061904761904762
770;0.5976190476190475
771;0.6090476190476191
772;0.6280952380952382
773;0.6309523809523809
774;0.611904761904762
775;0.6066666666666667
776;0.6014285714285713
777;0.6295238095238096
778;0.6509523809523807
779;0.6452380952380953
780;0.6461904761904761
781;0.6557142857142858
782;0.6376190476190478
783;0.6214285714285712
784;0.6061904761904764
785;0.6128571428571429
786;0.6185714285714287
787;0.5947619047619049
788;0.6014285714285715
789;0.6052380952380952
790;0.6019047619047619
791;0.6157142857142854
792;0.617142857142857
793;0.6304761904761906
794;0.6333333333333333
795;0.6414285714285713
796;0.6347619047619045
797;0.625714285714286
798;0.6257142857142859
799;0.6223809523809525
800;0.6276190476190475
801;0.6409523809523808
802;0.634285714285714
803;0.6104761904761906
804;0.6123809523809526
805;0.6052380952380952
806;0.6104761904761906
807;0.6009523809523809
808;0.578095238095238
809;0.56
810;0.5309523809523812
811;0.5366666666666667
812;0.547142857142857
813;0.546190476190476
814;0.5261904761904761
815;0.5319047619047615
816;0.5652380952380951
817;0.5523809523809522
818;0.5347619047619052
819;0.5261904761904761
820;0.5195238095238096
821;0.5461904761904763
822;0.5509523809523812
823;0.5471428571428573
824;0.5695238095238095
825;0.5533333333333335
826;0.5480952380952381
827;0.544761904761905
828;0.5528571428571432
829;0.5623809523809524
830;0.5657142857142858
831;0.5857142857142855
832;0.5961904761904764
833;0.607142857142857
834;0.6171428571428573
835;0.6204761904761905
836;0.6266666666666666
837;0.6185714285714284
838;0.6176190476190476
839;0.6076190476190476
840;0.6076190476190477
841;0.6128571428571429
842;0.5995238095238098
843;0.600952380952381
844;0.5638095238095241
845;0.5466666666666667
846;0.5271428571428572
847;0.5047619047619047
848;0.5276190476190478
849;0.5371428571428573
850;0.5404761904761903
851;0.5057142857142858
852;0.5047619047619045
853;0.44476190476190447
854;0.4366666666666663
855;0.4195238095238091
856;0.4199999999999997
857;0.44333333333333313
858;0.4533333333333332
859;0.4528571428571426
860;0.4619047619047619
861;0.47809523809523813
862;0.4738095238095237
863;0.4942857142857142
864;0.4709523809523808
865;0.4961904761904761
866;0.5285714285714286
867;0.5185714285714286
868;0.5119047619047619
869;0.5185714285714285
870;0.5295238095238094
871;0.5157142857142856
872;0.5461904761904762
873;0.5542857142857142
874;0.5400000000000001
875;0.5323809523809522
876;0.5290476190476191
877;0.5152380952380955
878;0.5190476190476191
879;0.5299999999999998
880;0.5066666666666668
881;0.5271428571428572
882;0.5580952380952381
883;0.5576190476190478
884;0.5323809523809525
885;0.5461904761904759
886;0.5352380952380952
887;0.5385714285714281
888;0.5647619047619048
889;0.5804761904761903
890;0.56
891;0.5295238095238094
892;0.5457142857142857
893;0.5747619047619049
894;0.5542857142857145
895;0.5514285714285715
896;0.5576190476190477
897;0.5480952380952382
898;0.5314285714285716
899;0.5376190476190477
900;0.5633333333333334
901;0.5833333333333334
902;0.5304761904761904
903;0.5366666666666666
904;0.5457142857142858
905;0.5638095238095239
906;0.5533333333333335
907;0.5261904761904764
908;0.49952380952380965
909;0.507142857142857
910;0.5219047619047619
911;0.5209523809523811
912;0.5257142857142857
913;0.5261904761904763
914;0.4676190476190474
915;0.47714285714285687
916;0.48190476190476195
917;0.45142857142857146
918;0.4280952380952381
919;0.4280952380952378
920;0.4385714285714283
921;0.4438095238095235
922;0.4542857142857143
923;0.49380952380952364
924;0.5142857142857146
925;0.5195238095238096
926;0.5152380952380952
927;0.5100000000000001
928;0.5247619047619048
929;0.5147619047619046
930;0.49809523809523804
931;0.4576190476190474
932;0.4347619047619045
933;0.4409523809523808
934;0.455238095238095
935;0.42999999999999977
936;0.4338095238095236
937;0.3966666666666662
938;0.4171428571428568
939;0.4457142857142855
940;0.44095238095238076
941;0.46428571428571425
942;0.4866666666666666
943;0.4914285714285714
944;0.500952380952381
945;0.5076190476190474
946;0.48666666666666664
947;0.5323809523809523
948;0.5099999999999999
949;0.5119047619047621
950;0.5157142857142857
951;0.5261904761904763
952;0.5595238095238094
953;0.6014285714285716
954;0.6133333333333335
955;0.5828571428571431
956;0.5714285714285718
957;0.5276190476190475
958;0.4642857142857142
959;0.476190476190476
960;0.463809523809524
961;0.49047619047619034
962;0.5309523809523811
963;0.5438095238095237
964;0.5442857142857143
965;0.5433333333333332
966;0.5309523809523812
967;0.5238095238095236
968;0.5171428571428571
969;0.5380952380952381
970;0.5557142857142857
971;0.563809523809524
972;0.5514285714285715
973;0.5719047619047619
974;0.5514285714285713
975;0.5299999999999998
976;0.5247619047619048
977;0.5114285714285713
978;0.5076190476190476
979;0.48952380952380925
980;0.4738095238095237
981;0.47857142857142854
982;0.4961904761904761
983;0.4857142857142857
984;0.4966666666666665
985;0.5152380952380953
986;0.5033333333333334
987;0.48095238095238085
988;0.4923809523809522
989;0.4947619047619045
990;0.47333333333333305
991;0.47714285714285704
992;0.49238095238095236
993;0.4938095238095237
994;0.5214285714285711
995;0.4819047619047618
996;0.4876190476190475
997;0.5014285714285716
998;0.5223809523809525
999;0.5333333333333333
1000;0.5376190476190476
1001;0.5242857142857142
1002;0.5666666666666667
1003;0.532857142857143
1004;0.5423809523809521
1005;0.5838095238095236
1006;0.54
1007;0.5280952380952381
1008;0.5504761904761905
1009;0.5647619047619048
1010;0.5609523809523809
1011;0.5719047619047618
1012;0.5895238095238096
1013;0.5542857142857142
1014;0.5347619047619048
1015;0.5685714285714286
1016;0.5861904761904762
1017;0.5857142857142856
1018;0.5742857142857145
1019;0.5914285714285714
1020;0.5709523809523811
1021;0.550952380952381
1022;0.5361904761904761
1023;0.4990476190476191
1024;0.5166666666666666
1025;0.4980952380952381
1026;0.5014285714285717
1027;0.4914285714285713
1028;0.4795238095238092
1029;0.4747619047619046
1030;0.46809523809523795
1031;0.4747619047619047
1032;0.4742857142857143
1033;0.4657142857142854
1034;0.4747619047619044
1035;0.4757142857142853
1036;0.4776190476190476
1037;0.5085714285714286
1038;0.5328571428571428
1039;0.5009523809523809
1040;0.4990476190476191
1041;0.5038095238095239
1042;0.49142857142857155
1043;0.5138095238095238
1044;0.5342857142857145
1045;0.5342857142857143
1046;0.5514285714285717
1047;0.5252380952380951
1048;0.49952380952380954
1049;0.498095238095238
1050;0.4995238095238094
1051;0.4957142857142858
1052;0.5119047619047616
1053;0.5295238095238095
1054;0.5276190476190478
1055;0.5238095238095235
1056;0.5109523809523807
1057;0.519047619047619
1058;0.5033333333333334
1059;0.4976190476190475
1060;0.5000000000000002
1061;0.49571428571428583
1062;0.5095238095238096
1063;0.5333333333333333
1064;0.5271428571428572
1065;0.5504761904761906
1066;0.5585714285714285
1067;0.573809523809524
1068;0.5461904761904764
1069;0.5623809523809524
1070;0.542857142857143
1071;0.5342857142857144
1072;0.5347619047619048
1073;0.5457142857142858
1074;0.5385714285714286
1075;0.5452380952380953
1076;0.532857142857143
1077;0.5285714285714286
1078;0.5071428571428571
1079;0.5304761904761905
1080;0.5385714285714286
1081;0.5423809523809525
1082;0.5242857142857142
1083;0.5085714285714287
1084;0.487142857142857
1085;0.49
1086;0.4847619047619047
1087;0.5085714285714286
1088;0.5152380952380955
1089;0.5271428571428574
1090;0.5171428571428571
1091;0.530952380952381
1092;0.544761904761905
1093;0.5390476190476192
1094;0.5376190476190478
1095;0.5352380952380954
1096;0.5361904761904763
1097;0.5466666666666667
1098;0.5361904761904761
1099;0.5476190476190476
1100;0.5319047619047619
1101;0.5380952380952381
1102;0.5376190476190478
1103;0.5466666666666669
1104;0.5695238095238099
1105;0.5561904761904762
1106;0.558095238095238
1107;0.5619047619047616
1108;0.5533333333333332
1109;0.5514285714285717
1110;0.5514285714285716
1111;0.5604761904761904
1112;0.5604761904761907
1113;0.5690476190476192
1114;0.5371428571428573
1115;0.5714285714285713
1116;0.57
1117;0.5704761904761905
1118;0.5476190476190478
1119;0.5604761904761906
1120;0.5576190476190476
1121;0.5523809523809523
1122;0.5728571428571431
1123;0.5761904761904763
1124;0.5780952380952382
1125;0.5842857142857144
1126;0.5709523809523809
1127;0.5590476190476189
1128;0.579047619047619
1129;0.5666666666666667
1130;0.5623809523809523
1131;0.5485714285714285
1132;0.5161904761904761
1133;0.5095238095238096
1134;0.4957142857142857
1135;0.5085714285714286
1136;0.48999999999999977
1137;0.4952380952380952
1138;0.4990476190476192
1139;0.4947619047619048
1140;0.5052380952380954
1141;0.45666666666666655
1142;0.44095238095238065
1143;0.434285714285714
1144;0.4799999999999999
1145;0.48238095238095224
1146;0.4814285714285714
1147;0.49714285714285716
1148;0.5009523809523809
1149;0.5238095238095237
1150;0.53
1151;0.52
1152;0.5014285714285713
1153;0.4785714285714286
1154;0.4576190476190476
1155;0.42619047619047606
1156;0.44809523809523794
1157;0.4699999999999999
1158;0.4871428571428573
1159;0.482857142857143
1160;0.48333333333333345
1161;0.4690476190476191
1162;0.4628571428571429
1163;0.48380952380952386
1164;0.4866666666666664
1165;0.48904761904761906
1166;0.4538095238095235
1167;0.4504761904761904
1168;0.42952380952380925
1169;0.4585714285714284
1170;0.44857142857142834
1171;0.43999999999999967
1172;0.4514285714285713
1173;0.46666666666666606
1174;0.46380952380952367
1175;0.47142857142857125
1176;0.5014285714285713
1177;0.49999999999999994
1178;0.4914285714285713
1179;0.4914285714285714
1180;0.5095238095238094
1181;0.5147619047619046
1182;0.5142857142857143
1183;0.5142857142857145
1184;0.5176190476190478
1185;0.5147619047619048
1186;0.5038095238095237
1187;0.49952380952380965
1188;0.5090476190476191
1189;0.5180952380952383
1190;0.5157142857142858
1191;0.505238095238095
1192;0.5109523809523808
1193;0.5247619047619048
1194;0.5257142857142857
1195;0.5085714285714285
1196;0.49095238095238086
1197;0.49666666666666665
1198;0.4690476190476191
1199;0.46285714285714286
1200;0.4604761904761906
1201;0.4523809523809521
1202;0.46619047619047604
1203;0.46047619047619043
1204;0.4928571428571428
1205;0.4952380952380955
1206;0.5104761904761904
1207;0.5166666666666668
1208;0.5304761904761903
1209;0.546666666666667
1210;0.557142857142857
1211;0.5380952380952381
1212;0.5247619047619047
1213;0.5228571428571428
1214;0.5071428571428571
1215;0.4957142857142857
1216;0.47095238095238073
1217;0.4614285714285714
1218;0.4557142857142856
1219;0.4719047619047618
1220;0.5042857142857142
1221;0.5304761904761908
1222;0.5471428571428572
1223;0.5371428571428573
1224;0.5261904761904761
1225;0.5109523809523809
1226;0.5252380952380952
1227;0.5280952380952381
1228;0.5347619047619049
1229;0.5247619047619049
1230;0.5114285714285715
1231;0.5085714285714282
1232;0.5014285714285713
1233;0.4876190476190475
1234;0.5104761904761904
1235;0.5604761904761905
1236;0.5157142857142856
1237;0.5409523809523811
1238;0.5485714285714285
1239;0.5519047619047619
1240;0.5295238095238094
1241;0.5014285714285712
1242;0.5014285714285712
1243;0.4819047619047619
1244;0.45142857142857123
1245;0.4547619047619047
1246;0.4499999999999998
1247;0.48380952380952374
1248;0.5104761904761905
1249;0.5033333333333333
1250;0.5438095238095237
1251;0.5585714285714286
1252;0.5561904761904762
1253;0.5304761904761903
1254;0.5271428571428572
1255;0.519047619047619
1256;0.5552380952380954
1257;0.539047619047619
1258;0.5257142857142859
1259;0.5247619047619047
1260;0.5009523809523809
1261;0.5180952380952379
1262;0.5342857142857144
1263;0.5366666666666667
1264;0.5414285714285714
1265;0.580952380952381
1266;0.6138095238095239
1267;0.6171428571428572
1268;0.630952380952381
1269;0.6180952380952379
1270;0.612380952380952
1271;0.592857142857143
1272;0.5747619047619046
1273;0.5585714285714283
1274;0.5585714285714287
1275;0.5714285714285715
1276;0.5704761904761905
1277;0.5695238095238094
1278;0.5433333333333331
1279;0.5571428571428573
1280;0.559047619047619
1281;0.5814285714285713
1282;0.5880952380952381
1283;0.5971428571428572
1284;0.6038095238095237
1285;0.5795238095238097
1286;0.5528571428571429
1287;0.5733333333333335
1288;0.572857142857143
1289;0.5747619047619048
1290;0.5719047619047619
1291;0.5685714285714285
1292;0.593809523809524
1293;0.5995238095238093
1294;0.6123809523809524
1295;0.6161904761904762
1296;0.6204761904761905
1297;0.6309523809523812
1298;0.6190476190476192
1299;0.5995238095238095
1300;0.5942857142857144
1301;0.6171428571428571
1302;0.6180952380952378
1303;0.6285714285714286
1304;0.6242857142857143
1305;0.6319047619047617
1306;0.6666666666666665
1307;0.659047619047619
1308;0.6652380952380952
1309;0.6485714285714286
1310;0.6571428571428573
1311;0.656666666666667
1312;0.6642857142857145
1313;0.6533333333333334
1314;0.6380952380952382
1315;0.6352380952380954
1316;0.6252380952380955
1317;0.6300000000000002
1318;0.6304761904761905
1319;0.6261904761904763
1320;0.6233333333333333
1321;0.6266666666666666
1322;0.6238095238095238
1323;0.6190476190476191
1324;0.6247619047619047
1325;0.6257142857142857
1326;0.6276190476190476
1327;0.6342857142857143
1328;0.65
1329;0.6561904761904762
1330;0.6528571428571429
1331;0.6519047619047619
1332;0.65
1333;0.6523809523809523
1334;0.6561904761904761
1335;0.6561904761904761
1336;0.6557142857142856
1337;0.6395238095238096
1338;0.6347619047619049
1339;0.6357142857142855
1340;0.6404761904761902
1341;0.6404761904761905
1342;0.6266666666666666
1343;0.6185714285714284
1344;0.6199999999999999
1345;0.6095238095238095
1346;0.6071428571428571
1347;0.599047619047619
1348;0.5961904761904762
1349;0.5833333333333333
1350;0.5771428571428572
1351;0.5747619047619049
1352;0.5685714285714287
1353;0.5676190476190475
1354;0.5647619047619045
1355;0.5642857142857141
1356;0.5723809523809524
1357;0.5800000000000002
1358;0.5857142857142859
1359;0.5919047619047619
1360;0.5966666666666668
1361;0.5900000000000001
1362;0.5976190476190477
1363;0.5933333333333336
1364;0.606666666666667
1365;0.6123809523809526
1366;0.6071428571428574
1367;0.5876190476190478
1368;0.5904761904761905
1369;0.5852380952380951
1370;0.5890476190476189
1371;0.59
1372;0.5828571428571426
1373;0.591904761904762
1374;0.5914285714285714
1375;0.6052380952380951
1376;0.6114285714285714
1377;0.6128571428571429
1378;0.6195238095238096
1379;0.608095238095238
1380;0.6023809523809522
1381;0.5938095238095236
1382;0.5885714285714285
1383;0.5899999999999997
1384;0.5938095238095237
1385;0.5938095238095237
1386;0.5871428571428567
1387;0.5895238095238092
1388;0.5885714285714283
1389;0.5985714285714284
1390;0.5928571428571431
1391;0.59
1392;0.5857142857142856
1393;0.5909523809523809
1394;0.5923809523809523
1395;0.5799999999999998
1396;0.5904761904761905
1397;0.5857142857142855
1398;0.5780952380952381
1399;0.5604761904761904
1400;0.560952380952381
1401;0.5657142857142855
1402;0.5523809523809522
1403;0.556190476190476
1404;0.5438095238095241
1405;0.5380952380952384
1406;0.5442857142857145
1407;0.5514285714285715
1408;0.5514285714285717
1409;0.5376190476190476
1410;0.5285714285714286
1411;0.539047619047619
1412;0.5319047619047619
1413;0.524761904761905
1414;0.525714285714286
1415;0.5176190476190479
1416;0.5209523809523811
1417;0.5338095238095241
1418;0.5285714285714288
1419;0.5371428571428573
1420;0.5295238095238095
1421;0.5404761904761908
1422;0.5390476190476193
1423;0.5419047619047621
1424;0.5500000000000003
1425;0.5571428571428573
1426;0.5614285714285716
1427;0.569047619047619
1428;0.5657142857142855
1429;0.5780952380952382
1430;0.5795238095238099
1431;0.5776190476190479
1432;0.5814285714285718
1433;0.5847619047619051
1434;0.5780952380952382
1435;0.5728571428571428
1436;0.5747619047619047
1437;0.5785714285714286
1438;0.5790476190476191
1439;0.5804761904761904
1440;0.5795238095238094
1441;0.5614285714285716
1442;0.5652380952380952
1443;0.5733333333333334
1444;0.5804761904761907
1445;0.5876190476190476
1446;0.5961904761904764
1447;0.6090476190476192
1448;0.6123809523809525
1449;0.6219047619047618
1450;0.6295238095238093
1451;0.6347619047619045
1452;0.6295238095238094
1453;0.6238095238095238
1454;0.6209523809523811
1455;0.6276190476190476
1456;0.6261904761904763
1457;0.6271428571428572
1458;0.6147619047619047
1459;0.6085714285714287
1460;0.6119047619047616
1461;0.6285714285714286
1462;0.6300000000000001
1463;0.6238095238095238
1464;0.6233333333333335
1465;0.6333333333333335
1466;0.6385714285714286
1467;0.6528571428571428
1468;0.6423809523809524
1469;0.6342857142857141
1470;0.6023809523809525
1471;0.6004761904761904
1472;0.5952380952380952
1473;0.5819047619047617
1474;0.571904761904762
1475;0.5733333333333336
1476;0.5609523809523812
1477;0.5485714285714287
1478;0.5271428571428574
1479;0.5438095238095237
1480;0.5604761904761905
1481;0.5895238095238095
1482;0.5776190476190475
1483;0.5733333333333335
1484;0.5580952380952382
1485;0.5585714285714287
1486;0.5838095238095239
1487;0.5909523809523809
1488;0.5866666666666667
1489;0.5847619047619048
1490;0.5923809523809525
1491;0.5942857142857143
1492;0.5919047619047622
1493;0.6057142857142856
1494;0.6290476190476189
1495;0.6142857142857145
1496;0.6195238095238094
1497;0.5990476190476189
1498;0.5576190476190473
1499;0.560952380952381
1500;0.5380952380952381
1501;0.5704761904761906
1502;0.5447619047619048
1503;0.5299999999999998
1504;0.5090476190476193
1505;0.4695238095238094
1506;0.4833333333333333
1507;0.45857142857142835
1508;0.4699999999999998
1509;0.4876190476190475
1510;0.49142857142857127
1511;0.5038095238095237
1512;0.534285714285714
1513;0.5438095238095237
1514;0.5542857142857142
1515;0.5642857142857144
1516;0.5642857142857141
1517;0.5452380952380953
1518;0.5271428571428572
1519;0.5223809523809524
1520;0.5304761904761905
1521;0.5295238095238095
1522;0.5514285714285713
1523;0.5442857142857143
1524;0.5485714285714285
1525;0.5566666666666665
1526;0.5676190476190476
1527;0.5623809523809522
1528;0.5604761904761905
1529;0.5509523809523811
1530;0.568095238095238
1531;0.5652380952380951
1532;0.5571428571428569
1533;0.540952380952381
1534;0.5276190476190475
1535;0.5352380952380954
1536;0.5314285714285715
1537;0.5371428571428571
1538;0.5314285714285714
1539;0.5385714285714286
1540;0.5542857142857142
1541;0.5361904761904761
1542;0.5038095238095236
1543;0.48761904761904723
1544;0.4899999999999997
1545;0.4899999999999997
1546;0.5
1547;0.49190476190476184
1548;0.5047619047619049
1549;0.4871428571428571
1550;0.4938095238095238
1551;0.4780952380952382
1552;0.4761904761904763
1553;0.48190476190476184
1554;0.48523809523809514
1555;0.47476190476190466
1556;0.4761904761904762
1557;0.4719047619047616
1558;0.4628571428571427
1559;0.4642857142857141
1560;0.4628571428571427
1561;0.4599999999999998
1562;0.4604761904761903
1563;0.4695238095238094
1564;0.47857142857142854
1565;0.48619047619047606
1566;0.46952380952380934
1567;0.4647619047619046
1568;0.4695238095238096
1569;0.4923809523809522
1570;0.48809523809523797
1571;0.495238095238095
1572;0.5047619047619043
1573;0.5028571428571426
1574;0.5176190476190473
1575;0.518095238095238
1576;0.5176190476190474
1577;0.5361904761904761
1578;0.5252380952380951
1579;0.5385714285714287
1580;0.5395238095238093
1581;0.554285714285714
1582;0.548095238095238
1583;0.5399999999999998
1584;0.5361904761904761
1585;0.5519047619047618
1586;0.5385714285714284
1587;0.5342857142857141
1588;0.5347619047619047
1589;0.5333333333333331
1590;0.5328571428571427
1591;0.5333333333333331
1592;0.5171428571428569
1593;0.5142857142857142
1594;0.51
1595;0.5285714285714284
1596;0.5338095238095236
1597;0.548095238095238
1598;0.539047619047619
1599;0.5323809523809522
1600;0.5414285714285715
1601;0.5180952380952379
1602;0.5128571428571428
1603;0.5090476190476189
1604;0.49571428571428583
1605;0.49904761904761885
1606;0.49428571428571416
1607;0.49523809523809526
1608;0.4795238095238096
1609;0.46523809523809523
1610;0.4499999999999998
1611;0.43333333333333307
1612;0.43619047619047613
1613;0.4199999999999999
1614;0.4419047619047617
1615;0.4371428571428569
1616;0.4199999999999996
1617;0.4242857142857138
1618;0.4280952380952377
1619;0.4347619047619044
1620;0.43380952380952364
1621;0.4352380952380949
1622;0.421428571428571
1623;0.42666666666666636
1624;0.4223809523809521
1625;0.4252380952380948
1626;0.4276190476190472
1627;0.4242857142857139
1628;0.43809523809523787
1629;0.4447619047619047
1630;0.4376190476190473
1631;0.4519047619047616
1632;0.4585714285714282
1633;0.4666666666666665
1634;0.48904761904761895
1635;0.5061904761904761
1636;0.5095238095238092
1637;0.518095238095238
1638;0.5138095238095236
1639;0.5133333333333331
1640;0.5133333333333333
1641;0.5066666666666667
1642;0.5095238095238094
1643;0.5080952380952382
1644;0.4971428571428572
1645;0.4923809523809524
1646;0.5109523809523809
1647;0.5038095238095238
1648;0.5095238095238095
1649;0.5252380952380951
1650;0.5123809523809526
1651;0.49380952380952386
1652;0.4899999999999997
1653;0.47857142857142854
1654;0.47285714285714275
1655;0.47190476190476177
1656;0.48476190476190467
1657;0.46142857142857124
1658;0.45952380952380933
1659;0.42999999999999977
1660;0.4466666666666665
1661;0.4395238095238092
1662;0.4376190476190473
1663;0.4176190476190472
1664;0.4185714285714285
1665;0.42523809523809497
1666;0.43380952380952353
1667;0.43285714285714255
1668;0.4490476190476187
1669;0.4371428571428567
1670;0.4309523809523805
1671;0.41952380952380913
1672;0.40523809523809506
1673;0.4157142857142855
1674;0.39714285714285685
1675;0.4290476190476188
1676;0.4276190476190475
1677;0.43952380952380926
1678;0.4585714285714284
1679;0.449047619047619
1680;0.4361904761904759
1681;0.45476190476190453
1682;0.45809523809523817
1683;0.4395238095238092
1684;0.44666666666666655
1685;0.44714285714285706
1686;0.44523809523809527
1687;0.45476190476190476
1688;0.45809523809523794
1689;0.46952380952380957
1690;0.46952380952380957
1691;0.4914285714285716
1692;0.49761904761904774
1693;0.5066666666666667
1694;0.5057142857142857
1695;0.49904761904761913
1696;0.48904761904761934
1697;0.5057142857142858
1698;0.49047619047619057
1699;0.4757142857142857
1700;0.47666666666666674
1701;0.46952380952380934
1702;0.48238095238095224
1703;0.5057142857142857
1704;0.5138095238095236
1705;0.5019047619047619
1706;0.5004761904761905
1707;0.4995238095238095
1708;0.5085714285714285
1709;0.5161904761904761
1710;0.5195238095238094
1711;0.5514285714285715
1712;0.5871428571428571
1713;0.5647619047619049
1714;0.533809523809524
1715;0.533809523809524
1716;0.5066666666666668
1717;0.5404761904761908
1718;0.5357142857142857
1719;0.553809523809524
1720;0.5380952380952381
1721;0.5009523809523809
1722;0.530952380952381
1723;0.5028571428571428
1724;0.502857142857143
1725;0.4838095238095239
1726;0.4690476190476188
1727;0.4923809523809525
1728;0.49761904761904757
1729;0.5247619047619048
1730;0.5614285714285717
1731;0.5747619047619049
1732;0.5809523809523811
1733;0.6085714285714287
1734;0.5885714285714285
1735;0.5714285714285715
1736;0.5680952380952382
1737;0.5590476190476192
1738;0.5938095238095238
1739;0.5861904761904762
1740;0.587142857142857
1741;0.6052380952380954
1742;0.6004761904761906
1743;0.5809523809523811
1744;0.5890476190476194
1745;0.5966666666666669
1746;0.6023809523809525
1747;0.5995238095238095
1748;0.6028571428571433
1749;0.6004761904761905
1750;0.6028571428571429
1751;0.5919047619047622
1752;0.6099999999999998
1753;0.6004761904761904
1754;0.5871428571428571
1755;0.5676190476190475
1756;0.5728571428571428
1757;0.5885714285714286
1758;0.5804761904761907
1759;0.5671428571428572
1760;0.5847619047619047
1761;0.5814285714285716
1762;0.583809523809524
1763;0.5766666666666665
1764;0.568095238095238
1765;0.5728571428571431
1766;0.5709523809523812
1767;0.5647619047619049
1768;0.5757142857142857
1769;0.5904761904761904
1770;0.5876190476190475
1771;0.5785714285714286
1772;0.6019047619047619
1773;0.6057142857142856
1774;0.6038095238095237
1775;0.6176190476190477
1776;0.6090476190476192
1777;0.6242857142857142
1778;0.6180952380952383
1779;0.605714285714286
1780;0.6047619047619048
1781;0.6023809523809525
1782;0.5995238095238095
1783;0.5914285714285714
1784;0.5842857142857144
1785;0.5680952380952382
1786;0.5571428571428573
1787;0.5319047619047622
1788;0.5176190476190478
1789;0.5176190476190474
1790;0.520952380952381
1791;0.5090476190476193
1792;0.512857142857143
1793;0.5033333333333334
1794;0.5195238095238096
1795;0.5295238095238096
1796;0.5342857142857145
1797;0.5342857142857141
1798;0.5071428571428571
1799;0.5171428571428571
1800;0.5238095238095241
1801;0.5271428571428574
1802;0.5371428571428573
1803;0.5385714285714286
1804;0.5566666666666668
1805;0.5666666666666668
1806;0.587142857142857
1807;0.5861904761904762
1808;0.6009523809523809
1809;0.6119047619047618
1810;0.6152380952380954
1811;0.6133333333333332
1812;0.6152380952380953
1813;0.6133333333333332
1814;0.6033333333333332
1815;0.5895238095238097
1816;0.5795238095238096
1817;0.5690476190476192
1818;0.5657142857142856
1819;0.5628571428571428
1820;0.5528571428571428
1821;0.5614285714285715
1822;0.550952380952381
1823;0.5561904761904762
1824;0.5552380952380951
1825;0.560952380952381
1826;0.5633333333333332
1827;0.5600000000000002
1828;0.5619047619047618
1829;0.5619047619047618
1830;0.5509523809523809
1831;0.5466666666666664
1832;0.5319047619047619
1833;0.533809523809524
1834;0.5400000000000003
1835;0.5223809523809526
1836;0.5138095238095238
1837;0.5142857142857143
1838;0.538095238095238
1839;0.5600000000000002
1840;0.5685714285714286
1841;0.5457142857142858
1842;0.5604761904761904
1843;0.5657142857142858
1844;0.5919047619047622
1845;0.621904761904762
1846;0.6476190476190474
1847;0.6123809523809522
1848;0.6152380952380953
1849;0.6133333333333333
1850;0.6223809523809524
1851;0.6214285714285714
1852;0.578095238095238
1853;0.5547619047619048
1854;0.5095238095238096
1855;0.5052380952380954
1856;0.4828571428571427
1857;0.5309523809523808
1858;0.5061904761904761
1859;0.53
1860;0.5166666666666669
1861;0.5100000000000001
1862;0.5128571428571429
1863;0.5238095238095236
1864;0.5300000000000002
1865;0.5276190476190474
1866;0.5242857142857145
1867;0.5471428571428572
1868;0.5604761904761905
1869;0.5466666666666667
1870;0.5676190476190478
1871;0.5690476190476192
1872;0.5914285714285714
1873;0.6100000000000001
1874;0.5361904761904764
1875;0.5157142857142856
1876;0.5233333333333335
1877;0.529047619047619
1878;0.557142857142857
1879;0.5580952380952382
1880;0.5290476190476188
1881;0.5452380952380953
1882;0.5523809523809525
1883;0.5395238095238095
1884;0.532857142857143
1885;0.5295238095238093
1886;0.5128571428571429
1887;0.5547619047619049
1888;0.5819047619047619
1889;0.5709523809523811
1890;0.5785714285714285
1891;0.5390476190476192
1892;0.5276190476190478
1893;0.5519047619047619
1894;0.5557142857142859
1895;0.5542857142857143
1896;0.5704761904761905
1897;0.5509523809523809
1898;0.5404761904761904
1899;0.5028571428571429
1900;0.49666666666666665
1901;0.4652380952380949
1902;0.45333333333333314
1903;0.4552380952380954
1904;0.4457142857142857
1905;0.4428571428571427
1906;0.467142857142857
1907;0.4709523809523808
1908;0.459047619047619
1909;0.5004761904761903
1910;0.4961904761904763
1911;0.4990476190476189
1912;0.4976190476190477
1913;0.4838095238095238
1914;0.5123809523809524
1915;0.5128571428571429
1916;0.5385714285714286
1917;0.5333333333333334
1918;0.5385714285714286
1919;0.5257142857142859
1920;0.5261904761904762
1921;0.5042857142857142
1922;0.5266666666666668
1923;0.5304761904761903
1924;0.5180952380952383
1925;0.543809523809524
1926;0.5176190476190476
1927;0.5085714285714283
1928;0.4847619047619047
1929;0.48761904761904773
1930;0.4785714285714284
1931;0.4766666666666664
1932;0.48857142857142855
1933;0.5233333333333332
1934;0.49285714285714294
1935;0.4957142857142856
1936;0.46904761904761905
1937;0.4557142857142856
1938;0.48809523809523797
1939;0.4838095238095241
1940;0.46571428571428597
1941;0.4928571428571427
1942;0.4966666666666665
1943;0.480952380952381
1944;0.5233333333333334
1945;0.5390476190476191
1946;0.5057142857142858
1947;0.5176190476190479
1948;0.5
1949;0.47952380952380935
1950;0.468095238095238
1951;0.4938095238095238
1952;0.4795238095238094
1953;0.48428571428571415
1954;0.5195238095238096
1955;0.5280952380952381
1956;0.5042857142857143
1957;0.45047619047619025
1958;0.4499999999999998
1959;0.44857142857142834
1960;0.4576190476190476
1961;0.44095238095238076
1962;0.4328571428571426
1963;0.4566666666666667
1964;0.4147619047619044
1965;0.4314285714285711
1966;0.4685714285714283
1967;0.4952380952380952
1968;0.467142857142857
1969;0.48238095238095235
1970;0.4885714285714285
1971;0.4747619047619047
1972;0.46285714285714286
1973;0.47285714285714264
1974;0.4680952380952381
1975;0.47714285714285737
1976;0.5114285714285716
1977;0.5523809523809525
1978;0.577142857142857
1979;0.5585714285714285
1980;0.5633333333333334
1981;0.5542857142857139
1982;0.5514285714285714
1983;0.5538095238095238
1984;0.5399999999999999
1985;0.55
1986;0.5561904761904762
1987;0.5704761904761904
1988;0.5742857142857143
1989;0.5933333333333333
1990;0.5914285714285716
1991;0.5809523809523809
1992;0.6023809523809524
1993;0.5952380952380951
1994;0.584761904761905
1995;0.5671428571428572
1996;0.569047619047619
1997;0.5442857142857143
1998;0.5223809523809525
1999;0.5138095238095237
2000;0.5295238095238095
2001;0.5304761904761903
2002;0.5
2003;0.4766666666666664
2004;0.4847619047619044
2005;0.45857142857142863
2006;0.464285714285714
2007;0.48714285714285716
2008;0.49523809523809476
2009;0.4847619047619049
2010;0.48238095238095235
2011;0.48809523809523797
2012;0.4771428571428571
2013;0.4438095238095237
2014;0.4404761904761903
2015;0.45619047619047615
2016;0.4604761904761905
2017;0.4523809523809523
2018;0.4680952380952379
2019;0.48476190476190484
2020;0.5085714285714286
2021;0.5242857142857145
2022;0.5290476190476192
2023;0.53
2024;0.5461904761904762
2025;0.5585714285714285
2026;0.5361904761904763
2027;0.5404761904761907
2028;0.5490476190476192
2029;0.560952380952381
2030;0.5542857142857144
2031;0.49904761904761896
2032;0.4895238095238092
2033;0.4480952380952379
2034;0.42333333333333306
2035;0.46999999999999986
2036;0.4885714285714284
2037;0.5085714285714286
2038;0.4980952380952381
2039;0.4947619047619045
2040;0.498095238095238
2041;0.5071428571428569
2042;0.46857142857142825
2043;0.47095238095238073
2044;0.4238095238095236
2045;0.48904761904761895
2046;0.49190476190476173
2047;0.5242857142857144
2048;0.5242857142857144
2049;0.5547619047619048
2050;0.579047619047619
2051;0.5428571428571428
2052;0.5633333333333335
2053;0.5528571428571428
2054;0.5457142857142857
2055;0.5076190476190477
2056;0.5347619047619044
2057;0.5285714285714282
2058;0.5204761904761903
2059;0.5166666666666664
2060;0.519047619047619
2061;0.5314285714285715
2062;0.5314285714285714
2063;0.5247619047619047
2064;0.5204761904761903
2065;0.4971428571428574
2066;0.49952380952380937
2067;0.5142857142857141
2068;0.5285714285714284
2069;0.5223809523809523
2070;0.5223809523809524
2071;0.5109523809523809
2072;0.5133333333333335
2073;0.5004761904761904
2074;0.4976190476190474
2075;0.4857142857142855
2076;0.478095238095238
2077;0.4709523809523809
2078;0.4666666666666668
2079;0.45857142857142863
2080;0.45523809523809516
2081;0.46476190476190476
2082;0.45904761904761876
2083;0.4590476190476189
2084;0.45809523809523806
2085;0.4490476190476189
2086;0.4442857142857141
2087;0.447142857142857
2088;0.4528571428571426
2089;0.45666666666666633
2090;0.4547619047619047
2091;0.4471428571428572
2092;0.4252380952380953
2093;0.4114285714285713
2094;0.399047619047619
2095;0.403333333333333
2096;0.39142857142857124
2097;0.3971428571428568
2098;0.3919047619047615
2099;0.39047619047619014
2100;0.4147619047619044
2101;0.41476190476190455
2102;0.41619047619047594
2103;0.430952380952381
2104;0.4295238095238094
2105;0.4361904761904763
2106;0.4371428571428572
2107;0.43619047619047613
2108;0.4409523809523811
2109;0.43
2110;0.43142857142857144
2111;0.4447619047619048
2112;0.4323809523809525
2113;0.43904761904761913
2114;0.4290476190476191
2115;0.43095238095238064
2116;0.43428571428571416
2117;0.4523809523809521
2118;0.4357142857142855
2119;0.42761904761904757
2120;0.427142857142857
2121;0.4304761904761905
2122;0.43190476190476185
2123;0.44047619047619024
2124;0.45190476190476175
2125;0.4509523809523809
2126;0.4409523809523808
2127;0.4299999999999997
2128;0.4071428571428569
2129;0.41190476190476155
2130;0.41380952380952335
2131;0.41904761904761867
2132;0.42428571428571393
2133;0.42238095238095213
2134;0.43333333333333307
2135;0.4399999999999997
2136;0.4338095238095236
2137;0.4523809523809524
2138;0.4457142857142857
2139;0.46333333333333326
2140;0.4614285714285713
2141;0.4623809523809523
2142;0.47095238095238096
2143;0.47523809523809524
2144;0.4809523809523812
2145;0.5061904761904761
2146;0.5209523809523813
2147;0.4976190476190474
2148;0.49761904761904757
2149;0.500952380952381
2150;0.5138095238095238
2151;0.5190476190476191
2152;0.523809523809524
2153;0.5309523809523811
2154;0.5376190476190479
2155;0.5371428571428574
2156;0.5442857142857144
2157;0.5466666666666667
2158;0.5642857142857146
2159;0.5623809523809525
2160;0.5528571428571432
2161;0.5423809523809524
2162;0.5342857142857145
2163;0.5323809523809525
2164;0.5280952380952383
2165;0.5171428571428573
2166;0.5204761904761908
2167;0.5123809523809526
2168;0.512857142857143
2169;0.519047619047619
2170;0.5214285714285714
2171;0.5123809523809524
2172;0.5038095238095239
2173;0.5000000000000001
2174;0.49142857142857144
2175;0.48904761904761895
2176;0.4876190476190475
2177;0.49047619047619045
2178;0.4919047619047619
2179;0.48952380952380947
2180;0.47428571428571437
2181;0.47714285714285704
2182;0.47476190476190483
2183;0.46857142857142847
2184;0.45999999999999985
2185;0.4538095238095235
2186;0.45904761904761876
2187;0.46714285714285686
2188;0.456190476190476
2189;0.45857142857142846
2190;0.442380952380952
2191;0.4357142857142854
2192;0.4542857142857142
2193;0.45952380952380933
2194;0.45571428571428557
2195;0.4528571428571428
2196;0.4404761904761903
2197;0.44761904761904736
2198;0.43190476190476174
2199;0.4223809523809522
2200;0.4161904761904758
2201;0.41857142857142826
2202;0.4290476190476189
2203;0.4371428571428572
2204;0.43904761904761913
2205;0.4495238095238092
2206;0.43952380952380943
2207;0.4438095238095236
2208;0.42904761904761884
2209;0.42999999999999966
2210;0.423333333333333
2211;0.44428571428571395
2212;0.4652380952380949
2213;0.4728571428571427
2214;0.47857142857142826
2215;0.48952380952380936
2216;0.49714285714285716
2217;0.4933333333333331
2218;0.5052380952380949
2219;0.5271428571428569
2220;0.5290476190476189
2221;0.5361904761904762
2222;0.5423809523809525
2223;0.5452380952380951
2224;0.5438095238095235
2225;0.5361904761904761
2226;0.5328571428571433
2227;0.531904761904762
2228;0.5347619047619049
2229;0.5461904761904761
2230;0.5447619047619046
2231;0.5233333333333334
2232;0.5195238095238095
2233;0.5266666666666667
2234;0.5142857142857146
2235;0.5185714285714286
2236;0.539047619047619
2237;0.5466666666666666
2238;0.54
2239;0.5466666666666666
2240;0.520952380952381
2241;0.5376190476190476
2242;0.5452380952380951
2243;0.5352380952380953
2244;0.5266666666666667
2245;0.5438095238095237
2246;0.5457142857142857
2247;0.5476190476190477
2248;0.5414285714285715
2249;0.5485714285714286
2250;0.5523809523809523
2251;0.5509523809523806
2252;0.5404761904761903
2253;0.5414285714285715
2254;0.5080952380952382
2255;0.5133333333333335
2256;0.5004761904761907
2257;0.5109523809523812
2258;0.5071428571428571
2259;0.5042857142857142
2260;0.511904761904762
2261;0.5114285714285712
2262;0.5295238095238095
2263;0.5228571428571427
2264;0.5195238095238094
2265;0.5033333333333332
2266;0.4938095238095236
2267;0.48619047619047606
2268;0.5090476190476189
2269;0.5085714285714285
2270;0.5004761904761904
2271;0.506190476190476
2272;0.4995238095238094
2273;0.5071428571428571
2274;0.5185714285714284
2275;0.5052380952380952
2276;0.5038095238095237
2277;0.4952380952380952
2278;0.497142857142857
2279;0.45523809523809505
2280;0.45619047619047587
2281;0.4457142857142853
2282;0.4619047619047619
2283;0.475238095238095
2284;0.4928571428571428
2285;0.48190476190476184
2286;0.494285714285714
2287;0.5176190476190473
2288;0.5223809523809524
2289;0.5147619047619049
2290;0.5142857142857142
2291;0.4804761904761902
2292;0.473809523809524
2293;0.517142857142857
2294;0.5380952380952382
2295;0.5304761904761905
2296;0.4876190476190476
2297;0.5238095238095237
2298;0.5319047619047617
2299;0.5414285714285715
2300;0.5390476190476192
2301;0.5419047619047617
2302;0.5209523809523811
2303;0.5157142857142858
2304;0.5157142857142857
2305;0.534761904761905
2306;0.513809523809524
2307;0.5219047619047621
2308;0.5366666666666667
2309;0.49809523809523826
2310;0.5047619047619051
2311;0.5052380952380953
2312;0.4876190476190479
2313;0.5042857142857146
2314;0.4857142857142858
2315;0.5052380952380952
2316;0.4976190476190475
2317;0.5033333333333331
2318;0.5142857142857141
2319;0.49095238095238086
2320;0.4876190476190475
2321;0.47476190476190466
2322;0.47904761904761917
2323;0.4733333333333332
2324;0.49238095238095264
2325;0.501904761904762
2326;0.539047619047619
2327;0.5228571428571428
2328;0.5004761904761904
2329;0.5185714285714286
2330;0.5447619047619046
2331;0.5514285714285713
2332;0.5423809523809523
2333;0.5438095238095234
2334;0.5380952380952378
2335;0.5342857142857145
2336;0.5233333333333331
2337;0.510952380952381
2338;0.5166666666666666
2339;0.5090476190476191
2340;0.518095238095238
2341;0.5347619047619048
2342;0.5623809523809523
2343;0.5819047619047621
2344;0.6076190476190476
2345;0.6076190476190476
2346;0.5928571428571427
2347;0.5638095238095238
2348;0.5580952380952382
2349;0.5323809523809525
2350;0.5023809523809523
2351;0.4980952380952381
2352;0.5076190476190474
2353;0.5247619047619047
2354;0.5285714285714282
2355;0.547142857142857
2356;0.5528571428571428
2357;0.5461904761904761
2358;0.5638095238095236
2359;0.5652380952380953
2360;0.5800000000000002
2361;0.5819047619047621
2362;0.5685714285714286
2363;0.561904761904762
2364;0.5414285714285714
2365;0.5642857142857146
2366;0.5714285714285714
2367;0.5876190476190478
2368;0.5828571428571431
2369;0.573809523809524
2370;0.5647619047619049
2371;0.5590476190476191
2372;0.5771428571428572
2373;0.5747619047619048
2374;0.5638095238095238
2375;0.5576190476190476
2376;0.5600000000000002
2377;0.5504761904761903
2378;0.54
2379;0.5623809523809524
2380;0.5623809523809524
2381;0.5623809523809524
2382;0.5838095238095239
2383;0.6066666666666667
2384;0.610952380952381
2385;0.6247619047619047
2386;0.6328571428571429
2387;0.649047619047619
2388;0.6442857142857144
2389;0.6157142857142859
2390;0.5971428571428574
2391;0.5728571428571431
2392;0.570952380952381
2393;0.5547619047619048
2394;0.5390476190476192
2395;0.5576190476190478
2396;0.5466666666666667
2397;0.5333333333333333
2398;0.5657142857142858
2399;0.5733333333333335
2400;0.5523809523809522
2401;0.553809523809524
2402;0.5466666666666665
2403;0.48238095238095235
2404;0.47666666666666657
2405;0.47619047619047605
2406;0.4671428571428571
2407;0.4704761904761904
2408;0.4766666666666668
2409;0.4819047619047619
2410;0.4828571428571427
2411;0.4885714285714285
2412;0.5171428571428573
2413;0.5299999999999998
2414;0.5295238095238095
2415;0.5442857142857142
2416;0.5614285714285716
2417;0.5376190476190476
2418;0.5252380952380953
2419;0.5357142857142856
2420;0.5366666666666667
2421;0.5347619047619048
2422;0.5342857142857141
2423;0.5380952380952381
2424;0.5223809523809522
2425;0.5214285714285714
2426;0.5023809523809525
2427;0.5066666666666667
2428;0.51
2429;0.5271428571428571
2430;0.5080952380952382
2431;0.4685714285714285
2432;0.47238095238095235
2433;0.5042857142857146
2434;0.4699999999999999
2435;0.5142857142857143
2436;0.5057142857142857
2437;0.5261904761904762
2438;0.5476190476190477
2439;0.5595238095238095
2440;0.547142857142857
2441;0.5342857142857144
2442;0.5395238095238095
2443;0.5342857142857141
2444;0.517142857142857
2445;0.5533333333333332
2446;0.5685714285714286
2447;0.5466666666666666
2448;0.5409523809523811
2449;0.5380952380952381
2450;0.5014285714285713
2451;0.46904761904761905
2452;0.47666666666666657
2453;0.45619047619047604
2454;0.48952380952380947
2455;0.4880952380952381
2456;0.48523809523809525
2457;0.47142857142857125
2458;0.471904761904762
2459;0.48380952380952374
2460;0.47476190476190483
2461;0.4738095238095235
2462;0.49428571428571433
2463;0.48333333333333356
2464;0.47904761904761906
2465;0.4947619047619047
2466;0.5200000000000001
2467;0.5390476190476192
2468;0.5357142857142858
2469;0.5238095238095241
2470;0.5261904761904762
2471;0.5266666666666668
2472;0.5323809523809523
2473;0.5204761904761905
2474;0.5185714285714286
2475;0.5171428571428571
2476;0.5333333333333332
2477;0.5357142857142858
2478;0.5471428571428573
2479;0.549047619047619
2480;0.563809523809524
2481;0.5580952380952382
2482;0.5742857142857144
2483;0.5871428571428572
2484;0.5842857142857144
2485;0.5861904761904762
2486;0.5933333333333334
2487;0.5800000000000001
2488;0.5904761904761906
