Spectrum section;avg. accuracy
1;0.44999999999999996
2;0.44619047619047614
3;0.4238095238095236
4;0.433333333333333
5;0.463333333333333
6;0.46761904761904793
7;0.45714285714285713
8;0.4647619047619051
9;0.492857142857143
10;0.5109523809523809
11;0.49142857142857166
12;0.43857142857142833
13;0.48285714285714293
14;0.4823809523809522
15;0.43380952380952353
16;0.4309523809523808
17;0.5319047619047619
18;0.5338095238095236
19;0.5071428571428571
20;0.5304761904761903
21;0.5257142857142858
22;0.5238095238095236
23;0.49904761904761874
24;0.48047619047619056
25;0.48619047619047623
26;0.4871428571428572
27;0.5071428571428572
28;0.48190476190476195
29;0.48380952380952363
30;0.46333333333333315
31;0.46333333333333326
32;0.43428571428571416
33;0.4442857142857142
34;0.4776190476190477
35;0.4828571428571427
36;0.49523809523809526
37;0.49476190476190474
38;0.482857142857143
39;0.5147619047619049
40;0.45523809523809505
41;0.49809523809523804
42;0.5185714285714284
43;0.5180952380952379
44;0.5233333333333331
45;0.5266666666666664
46;0.5228571428571428
47;0.5542857142857143
48;0.562857142857143
49;0.5333333333333333
50;0.5242857142857145
51;0.5071428571428571
52;0.5457142857142858
53;0.5647619047619049
54;0.5176190476190478
55;0.5276190476190475
56;0.5252380952380952
57;0.49619047619047607
58;0.46666666666666673
59;0.4552380952380951
60;0.47999999999999987
61;0.4923809523809525
62;0.49761904761904757
63;0.5157142857142858
64;0.5242857142857146
65;0.5276190476190477
66;0.5176190476190478
67;0.5309523809523808
68;0.49238095238095253
69;0.5214285714285714
70;0.5014285714285714
71;0.47809523809523796
72;0.48761904761904773
73;0.4919047619047619
74;0.5066666666666668
75;0.5442857142857144
76;0.5466666666666667
77;0.5480952380952383
78;0.5471428571428573
79;0.5257142857142858
80;0.5209523809523811
81;0.5114285714285715
82;0.5033333333333335
83;0.480952380952381
84;0.48523809523809525
85;0.5085714285714285
86;0.4980952380952381
87;0.4804761904761907
88;0.510952380952381
89;0.53
90;0.5076190476190476
91;0.5242857142857145
92;0.5323809523809526
93;0.5414285714285713
94;0.5414285714285714
95;0.49619047619047635
96;0.4752380952380951
97;0.49047619047619045
98;0.48714285714285716
99;0.47380952380952396
100;0.47285714285714275
101;0.5080952380952379
102;0.5028571428571427
103;0.5099999999999998
104;0.5066666666666667
105;0.46904761904761877
106;0.46809523809523784
107;0.46523809523809534
108;0.4733333333333333
109;0.49285714285714305
110;0.49952380952380954
111;0.450952380952381
112;0.4261904761904759
113;0.4195238095238093
114;0.43142857142857116
115;0.42523809523809497
116;0.4314285714285713
117;0.45428571428571407
118;0.44809523809523794
119;0.4642857142857141
120;0.45571428571428546
121;0.44809523809523794
122;0.449047619047619
123;0.43238095238095214
124;0.40809523809523784
125;0.41714285714285704
126;0.43238095238095214
127;0.41571428571428554
128;0.4023809523809523
129;0.42904761904761884
130;0.43761904761904735
131;0.44333333333333313
132;0.4247619047619046
133;0.42285714285714276
134;0.44904761904761886
135;0.44714285714285673
136;0.4452380952380949
137;0.436190476190476
138;0.4038095238095237
139;0.3752380952380948
140;0.3747619047619044
141;0.3628571428571425
142;0.34428571428571386
143;0.3447619047619044
144;0.3480952380952376
145;0.3547619047619042
146;0.36666666666666636
147;0.36809523809523775
148;0.38666666666666627
149;0.3895238095238092
150;0.4557142857142856
151;0.47047619047619044
152;0.4547619047619047
153;0.4623809523809523
154;0.4514285714285712
155;0.45047619047619025
156;0.430952380952381
157;0.41523809523809474
158;0.42761904761904723
159;0.435238095238095
160;0.4371428571428569
161;0.46095238095238095
162;0.4652380952380952
163;0.4857142857142857
164;0.4752380952380952
165;0.4847619047619046
166;0.49952380952380965
167;0.4885714285714285
168;0.4861904761904761
169;0.49999999999999994
170;0.5038095238095237
171;0.5028571428571431
172;0.48571428571428577
173;0.4847619047619047
174;0.4904761904761903
175;0.47285714285714286
176;0.47428571428571437
177;0.488095238095238
178;0.48095238095238085
179;0.4428571428571426
180;0.4423809523809521
181;0.45047619047619025
182;0.4557142857142856
183;0.48380952380952374
184;0.5061904761904763
185;0.4885714285714285
186;0.46238095238095217
187;0.4619047619047616
188;0.4538095238095233
189;0.4471428571428568
190;0.4538095238095235
191;0.45095238095238066
192;0.44238095238095204
193;0.46047619047618993
194;0.4633333333333331
195;0.47047619047619
196;0.47333333333333305
197;0.4838095238095236
198;0.4976190476190477
199;0.5128571428571427
200;0.5157142857142857
201;0.5285714285714286
202;0.5114285714285716
203;0.46619047619047593
204;0.4557142857142856
205;0.4442857142857142
206;0.41999999999999976
207;0.41904761904761906
208;0.4090476190476187
209;0.42190476190476156
210;0.4142857142857141
211;0.3995238095238091
212;0.4071428571428571
213;0.43666666666666665
214;0.4461904761904761
215;0.4652380952380952
216;0.46761904761904766
217;0.4671428571428569
218;0.45142857142857123
219;0.4447619047619047
220;0.4685714285714287
221;0.44809523809523805
222;0.4276190476190478
223;0.44190476190476174
224;0.42
225;0.449047619047619
226;0.4495238095238093
227;0.4638095238095239
228;0.4538095238095237
229;0.45809523809523794
230;0.45619047619047626
231;0.46047619047619043
232;0.4557142857142857
233;0.44809523809523794
234;0.4523809523809522
235;0.4542857142857142
236;0.44380952380952365
237;0.4452380952380949
238;0.45571428571428557
239;0.4428571428571427
240;0.4147619047619046
241;0.4123809523809523
242;0.41428571428571404
243;0.4052380952380951
244;0.4123809523809522
245;0.41714285714285704
246;0.4166666666666663
247;0.4252380952380949
248;0.43095238095238075
249;0.4285714285714284
250;0.44000000000000017
251;0.4457142857142856
252;0.4528571428571428
253;0.44333333333333313
254;0.4571428571428571
255;0.4790476190476191
256;0.4485714285714287
257;0.4195238095238093
258;0.4333333333333333
259;0.42714285714285694
260;0.4023809523809523
261;0.4404761904761905
262;0.43666666666666665
263;0.44761904761904775
264;0.4785714285714285
265;0.4657142857142857
266;0.46952380952380934
267;0.47380952380952385
268;0.45761904761904765
269;0.45666666666666655
270;0.46142857142857124
271;0.47523809523809524
272;0.4861904761904761
273;0.49333333333333285
274;0.5071428571428571
275;0.5152380952380952
276;0.5157142857142856
277;0.5285714285714287
278;0.5342857142857143
279;0.5390476190476191
280;0.5523809523809525
281;0.569047619047619
282;0.5957142857142854
283;0.6052380952380951
284;0.608095238095238
285;0.6176190476190474
286;0.6123809523809524
287;0.6085714285714287
288;0.5985714285714284
289;0.598095238095238
290;0.5880952380952379
291;0.5914285714285712
292;0.5671428571428572
293;0.5723809523809522
294;0.5666666666666665
295;0.5457142857142857
296;0.5557142857142857
297;0.5228571428571428
298;0.527142857142857
299;0.5414285714285714
300;0.5576190476190477
301;0.56
302;0.5657142857142856
303;0.5752380952380952
304;0.5780952380952382
305;0.5980952380952381
306;0.5961904761904762
307;0.578095238095238
308;0.588095238095238
309;0.5880952380952381
310;0.6214285714285716
311;0.6319047619047619
312;0.6438095238095238
313;0.6290476190476189
314;0.6057142857142856
315;0.6233333333333334
316;0.6
317;0.5947619047619048
318;0.6152380952380951
319;0.6347619047619046
320;0.6471428571428572
321;0.6609523809523808
322;0.6257142857142857
323;0.6033333333333333
324;0.590952380952381
325;0.6052380952380952
326;0.5909523809523809
327;0.544761904761905
328;0.554761904761905
329;0.5280952380952381
330;0.5338095238095238
331;0.5104761904761905
332;0.5133333333333333
333;0.5033333333333334
334;0.5233333333333333
335;0.5223809523809525
336;0.5433333333333334
337;0.5552380952380953
338;0.5595238095238096
339;0.5604761904761904
340;0.5738095238095238
341;0.5700000000000003
342;0.573809523809524
343;0.5828571428571427
344;0.5742857142857143
345;0.5566666666666668
346;0.5623809523809523
347;0.5595238095238096
348;0.5642857142857145
349;0.570952380952381
350;0.5752380952380952
351;0.5790476190476191
352;0.5676190476190477
353;0.5590476190476191
354;0.5671428571428574
355;0.5680952380952382
356;0.5685714285714288
357;0.5752380952380952
358;0.5614285714285715
359;0.5666666666666667
360;0.5514285714285713
361;0.5680952380952381
362;0.5666666666666664
363;0.5657142857142856
364;0.5795238095238097
365;0.575238095238095
366;0.5704761904761904
367;0.5599999999999998
368;0.5538095238095238
369;0.5552380952380951
370;0.5504761904761906
371;0.5533333333333337
372;0.5576190476190479
373;0.5633333333333334
374;0.5704761904761905
375;0.5647619047619046
376;0.5704761904761902
377;0.5604761904761905
378;0.567142857142857
379;0.5661904761904762
380;0.566190476190476
381;0.57
382;0.5614285714285715
383;0.572857142857143
384;0.5695238095238094
385;0.559047619047619
386;0.5561904761904762
387;0.5557142857142858
388;0.5414285714285714
389;0.5447619047619049
390;0.5423809523809526
391;0.5390476190476192
392;0.5485714285714287
393;0.541904761904762
394;0.5476190476190478
395;0.5409523809523811
396;0.5442857142857145
397;0.5614285714285713
398;0.5657142857142855
399;0.576190476190476
400;0.5695238095238093
401;0.5461904761904761
402;0.5833333333333333
403;0.5757142857142858
404;0.573809523809524
405;0.5866666666666667
406;0.5971428571428571
407;0.5942857142857145
408;0.5976190476190475
409;0.5933333333333334
410;0.5957142857142856
411;0.6019047619047619
412;0.5842857142857143
413;0.5571428571428573
414;0.5776190476190476
415;0.5680952380952381
416;0.5533333333333335
417;0.5490476190476191
418;0.5604761904761905
419;0.561904761904762
420;0.5495238095238093
421;0.5457142857142858
422;0.5409523809523809
423;0.537142857142857
424;0.5338095238095238
425;0.5323809523809525
426;0.5304761904761905
427;0.5385714285714286
428;0.5333333333333335
429;0.5304761904761905
430;0.5428571428571429
431;0.5566666666666666
432;0.559047619047619
433;0.573809523809524
434;0.5876190476190478
435;0.5800000000000002
436;0.5757142857142857
437;0.5809523809523811
438;0.5776190476190477
439;0.550952380952381
440;0.5357142857142858
441;0.5395238095238098
442;0.5314285714285714
443;0.5361904761904762
444;0.5323809523809523
445;0.5333333333333333
446;0.5152380952380955
447;0.4947619047619045
448;0.48952380952380947
449;0.48238095238095247
450;0.49190476190476184
451;0.49619047619047635
452;0.5114285714285711
453;0.5395238095238095
454;0.5433333333333331
455;0.539047619047619
456;0.544761904761905
457;0.5476190476190479
458;0.5528571428571432
459;0.5523809523809523
460;0.5547619047619049
461;0.553809523809524
462;0.5323809523809523
463;0.5095238095238095
464;0.5066666666666666
465;0.5399999999999998
466;0.5533333333333332
467;0.5566666666666668
468;0.545714285714286
469;0.5619047619047618
470;0.55
471;0.5585714285714285
472;0.5776190476190477
473;0.5766666666666667
474;0.5947619047619047
475;0.6142857142857142
476;0.6142857142857143
477;0.6157142857142855
478;0.5980952380952381
479;0.5919047619047619
480;0.5814285714285714
481;0.5671428571428572
482;0.5490476190476192
483;0.5361904761904763
484;0.5361904761904763
485;0.5219047619047619
486;0.5238095238095236
487;0.518095238095238
488;0.5190476190476191
489;0.5247619047619048
490;0.5228571428571428
491;0.5376190476190477
492;0.5419047619047618
493;0.5523809523809524
494;0.5585714285714287
495;0.541904761904762
496;0.5180952380952383
497;0.49809523809523815
498;0.49238095238095225
499;0.49238095238095236
500;0.4914285714285713
501;0.46952380952380923
502;0.45809523809523806
503;0.4609523809523807
504;0.4619047619047617
505;0.4595238095238092
506;0.4657142857142855
507;0.4857142857142856
508;0.48238095238095224
509;0.4652380952380951
510;0.47142857142857153
511;0.4604761904761905
512;0.48238095238095235
513;0.4809523809523808
514;0.47761904761904744
515;0.48000000000000015
516;0.49190476190476207
517;0.475238095238095
518;0.49333333333333335
519;0.4885714285714284
520;0.4700000000000001
521;0.4571428571428571
522;0.4790476190476191
523;0.4961904761904762
524;0.49142857142857116
525;0.4899999999999997
526;0.4966666666666665
527;0.5076190476190474
528;0.5095238095238094
529;0.5204761904761905
530;0.5219047619047621
531;0.5076190476190477
532;0.5128571428571429
533;0.4880952380952379
534;0.5038095238095238
535;0.4985714285714283
536;0.5080952380952382
537;0.5014285714285716
538;0.4785714285714288
539;0.4885714285714286
540;0.48904761904761906
541;0.5019047619047619
542;0.503809523809524
543;0.4933333333333334
544;0.49238095238095236
545;0.4914285714285714
546;0.49952380952380965
547;0.5042857142857141
548;0.5019047619047617
549;0.5109523809523809
550;0.5228571428571429
551;0.5266666666666667
552;0.52
553;0.5061904761904761
554;0.4923809523809524
555;0.48571428571428554
556;0.4695238095238093
557;0.4680952380952379
558;0.4714285714285713
559;0.4728571428571427
560;0.47809523809523796
561;0.486190476190476
562;0.4938095238095237
563;0.5166666666666666
564;0.5271428571428572
565;0.5242857142857144
566;0.5138095238095236
567;0.4861904761904759
568;0.4795238095238092
569;0.466190476190476
570;0.4514285714285712
571;0.4423809523809522
572;0.44238095238095226
573;0.43809523809523787
574;0.44571428571428534
575;0.43761904761904735
576;0.4357142857142854
577;0.4314285714285714
578;0.4442857142857142
579;0.426190476190476
580;0.43857142857142845
581;0.4333333333333331
582;0.4314285714285713
583;0.43190476190476157
584;0.4276190476190474
585;0.4299999999999997
586;0.4347619047619047
587;0.444285714285714
588;0.43333333333333307
589;0.43619047619047585
590;0.428095238095238
591;0.42285714285714276
592;0.4323809523809522
593;0.4323809523809523
594;0.4352380952380952
595;0.4423809523809523
596;0.4457142857142858
597;0.45571428571428557
598;0.4719047619047618
599;0.4642857142857142
600;0.45714285714285713
601;0.45714285714285713
602;0.4776190476190475
603;0.48095238095238096
604;0.49761904761904774
605;0.5033333333333335
606;0.5042857142857143
607;0.5071428571428571
608;0.4985714285714286
609;0.5123809523809522
610;0.49476190476190474
611;0.48047619047619045
612;0.478095238095238
613;0.47476190476190466
614;0.48333333333333334
615;0.48190476190476195
616;0.47619047619047605
617;0.4642857142857141
618;0.4819047619047618
619;0.5004761904761904
620;0.5042857142857142
621;0.49666666666666665
622;0.4923809523809525
623;0.4895238095238096
624;0.49809523809523815
625;0.4961904761904763
626;0.49428571428571433
627;0.4838095238095238
628;0.4799999999999997
629;0.4633333333333334
630;0.4595238095238095
631;0.4542857142857142
632;0.4695238095238097
633;0.49476190476190474
634;0.49000000000000005
635;0.4761904761904762
636;0.4885714285714286
637;0.48285714285714293
638;0.470952380952381
639;0.4633333333333335
640;0.4604761904761904
641;0.45761904761904765
642;0.45666666666666655
643;0.46190476190476176
644;0.480952380952381
645;0.46619047619047604
646;0.45857142857142846
647;0.44857142857142845
648;0.4514285714285713
649;0.4795238095238092
650;0.48476190476190467
651;0.49
652;0.5061904761904763
653;0.4880952380952381
654;0.5019047619047619
655;0.49
656;0.46523809523809506
657;0.4538095238095239
658;0.43714285714285717
659;0.4142857142857143
660;0.415238095238095
661;0.4314285714285713
662;0.41333333333333305
663;0.42428571428571404
664;0.41476190476190455
665;0.42
666;0.4180952380952381
667;0.40380952380952356
668;0.41333333333333316
669;0.4061904761904762
670;0.41571428571428576
671;0.41333333333333316
672;0.4176190476190474
673;0.4195238095238096
674;0.43999999999999984
675;0.4480952380952381
676;0.45904761904761915
677;0.4542857142857142
678;0.4661904761904762
679;0.45619047619047626
680;0.4599999999999999
681;0.4638095238095239
682;0.46285714285714297
683;0.4585714285714287
684;0.4528571428571429
685;0.47619047619047633
686;0.48571428571428577
687;0.47714285714285704
688;0.4771428571428569
689;0.4733333333333333
690;0.4585714285714287
691;0.46761904761904766
692;0.46285714285714286
693;0.47142857142857153
694;0.4904761904761908
695;0.48999999999999994
696;0.49190476190476196
697;0.4885714285714289
698;0.490952380952381
699;0.4976190476190475
700;0.49333333333333335
701;0.5014285714285716
702;0.5204761904761906
703;0.522857142857143
704;0.5466666666666669
705;0.5585714285714287
706;0.5509523809523812
707;0.5480952380952384
708;0.5590476190476193
709;0.5690476190476192
710;0.5790476190476191
711;0.561904761904762
712;0.5485714285714288
713;0.5638095238095239
714;0.5533333333333335
715;0.5261904761904762
716;0.5000000000000001
717;0.5085714285714285
718;0.5004761904761902
719;0.5090476190476191
720;0.5114285714285713
721;0.4976190476190477
722;0.5
723;0.5214285714285716
724;0.524761904761905
725;0.5095238095238094
726;0.49952380952380937
727;0.5109523809523809
728;0.5123809523809524
729;0.5090476190476191
730;0.49095238095238086
731;0.4890476190476189
732;0.49999999999999994
733;0.49285714285714277
734;0.47714285714285687
735;0.4933333333333333
736;0.5133333333333334
737;0.5395238095238098
738;0.5390476190476194
739;0.5457142857142858
740;0.5304761904761905
741;0.5271428571428572
742;0.5204761904761903
743;0.5347619047619045
744;0.542380952380952
745;0.543809523809524
746;0.5504761904761903
747;0.5704761904761905
748;0.5652380952380952
749;0.5514285714285716
750;0.5490476190476193
751;0.5771428571428574
752;0.5890476190476189
753;0.5804761904761905
754;0.5819047619047619
755;0.5809523809523809
756;0.5766666666666665
757;0.5714285714285713
758;0.560952380952381
759;0.5733333333333334
760;0.5866666666666668
761;0.5809523809523811
762;0.5757142857142858
763;0.5861904761904764
764;0.5933333333333336
765;0.5747619047619051
766;0.5804761904761907
767;0.6123809523809524
768;0.6142857142857143
769;0.6152380952380951
770;0.6252380952380956
771;0.6423809523809523
772;0.6390476190476191
773;0.6385714285714286
774;0.6152380952380954
775;0.6233333333333335
776;0.6390476190476189
777;0.6428571428571428
778;0.6476190476190475
779;0.627142857142857
780;0.6438095238095235
781;0.6299999999999998
782;0.6295238095238094
783;0.6380952380952378
784;0.6357142857142857
785;0.6204761904761902
786;0.6171428571428573
787;0.6028571428571429
788;0.5957142857142856
789;0.6004761904761906
790;0.609047619047619
791;0.6171428571428571
792;0.6280952380952379
793;0.6338095238095236
794;0.6314285714285716
795;0.6447619047619049
796;0.6357142857142858
797;0.6309523809523807
798;0.6419047619047618
799;0.6438095238095234
800;0.6547619047619047
801;0.6566666666666663
802;0.6647619047619047
803;0.6547619047619048
804;0.6590476190476189
805;0.6342857142857143
806;0.6185714285714288
807;0.5842857142857143
808;0.5714285714285715
809;0.5514285714285714
810;0.5480952380952381
811;0.5552380952380954
812;0.5528571428571428
813;0.5671428571428571
814;0.5466666666666669
815;0.568095238095238
816;0.5523809523809525
817;0.5390476190476192
818;0.5471428571428573
819;0.5380952380952383
820;0.5633333333333334
821;0.563809523809524
822;0.5504761904761906
823;0.5561904761904765
824;0.5585714285714285
825;0.5580952380952383
826;0.5561904761904762
827;0.5576190476190476
828;0.5714285714285716
829;0.5580952380952381
830;0.5766666666666667
831;0.5966666666666667
832;0.6209523809523808
833;0.6257142857142857
834;0.6314285714285713
835;0.6028571428571428
836;0.5971428571428574
837;0.6014285714285714
838;0.6019047619047617
839;0.6133333333333333
840;0.5966666666666669
841;0.6076190476190476
842;0.5909523809523809
843;0.5885714285714286
844;0.5423809523809525
845;0.5376190476190474
846;0.5114285714285717
847;0.5266666666666666
848;0.5214285714285711
849;0.5176190476190478
850;0.5157142857142859
851;0.5128571428571429
852;0.5004761904761906
853;0.4695238095238094
854;0.4414285714285711
855;0.44523809523809504
856;0.474285714285714
857;0.47476190476190466
858;0.47238095238095257
859;0.4895238095238094
860;0.4961904761904761
861;0.5119047619047618
862;0.5247619047619047
863;0.5152380952380952
864;0.5119047619047619
865;0.5380952380952382
866;0.5385714285714285
867;0.518095238095238
868;0.5057142857142858
869;0.5366666666666666
870;0.5352380952380953
871;0.560952380952381
872;0.5671428571428571
873;0.5338095238095238
874;0.539047619047619
875;0.531904761904762
876;0.5319047619047619
877;0.5238095238095238
878;0.5290476190476191
879;0.5385714285714286
880;0.5533333333333332
881;0.5747619047619049
882;0.5852380952380954
883;0.560952380952381
884;0.5566666666666666
885;0.5614285714285716
886;0.5585714285714285
887;0.557142857142857
888;0.5519047619047618
889;0.5414285714285715
890;0.5295238095238095
891;0.5480952380952381
892;0.5914285714285715
893;0.5828571428571429
894;0.5847619047619046
895;0.5776190476190477
896;0.553809523809524
897;0.5271428571428572
898;0.5366666666666668
899;0.5695238095238097
900;0.580952380952381
901;0.5333333333333332
902;0.5342857142857141
903;0.5780952380952382
904;0.5733333333333335
905;0.5647619047619049
906;0.5314285714285713
907;0.5219047619047619
908;0.5276190476190475
909;0.53
910;0.5261904761904763
911;0.5300000000000001
912;0.5447619047619048
913;0.5238095238095235
914;0.5199999999999999
915;0.5161904761904761
916;0.4814285714285715
917;0.4576190476190474
918;0.4561904761904759
919;0.4685714285714284
920;0.475238095238095
921;0.505238095238095
922;0.533809523809524
923;0.569047619047619
924;0.534761904761905
925;0.539047619047619
926;0.5590476190476192
927;0.5533333333333332
928;0.5366666666666668
929;0.5290476190476191
930;0.5028571428571426
931;0.4852380952380953
932;0.4914285714285713
933;0.46809523809523795
934;0.4495238095238095
935;0.4580952380952377
936;0.4328571428571426
937;0.45761904761904754
938;0.46904761904761894
939;0.47285714285714264
940;0.4719047619047618
941;0.48952380952380936
942;0.511904761904762
943;0.49380952380952386
944;0.4809523809523811
945;0.5004761904761904
946;0.5300000000000002
947;0.5147619047619048
948;0.5276190476190478
949;0.520952380952381
950;0.5595238095238094
951;0.5752380952380952
952;0.6104761904761904
953;0.6347619047619046
954;0.6023809523809525
955;0.565714285714286
956;0.5242857142857144
957;0.5014285714285713
958;0.518095238095238
959;0.4995238095238097
960;0.5028571428571429
961;0.5371428571428573
962;0.5580952380952379
963;0.556190476190476
964;0.5504761904761903
965;0.5395238095238095
966;0.5371428571428571
967;0.5461904761904762
968;0.5490476190476192
969;0.5642857142857145
970;0.5676190476190477
971;0.5752380952380954
972;0.5614285714285715
973;0.5433333333333334
974;0.5323809523809523
975;0.5238095238095238
976;0.5123809523809526
977;0.5104761904761905
978;0.5066666666666667
979;0.5133333333333333
980;0.5033333333333332
981;0.5228571428571427
982;0.5228571428571428
983;0.5271428571428571
984;0.5280952380952382
985;0.5057142857142856
986;0.4990476190476189
987;0.5214285714285714
988;0.5257142857142857
989;0.5057142857142858
990;0.5123809523809523
991;0.5471428571428572
992;0.53
993;0.528095238095238
994;0.524761904761905
995;0.5157142857142858
996;0.5333333333333333
997;0.5371428571428575
998;0.5171428571428572
999;0.5304761904761903
1000;0.5466666666666667
1001;0.5604761904761905
1002;0.55
1003;0.5490476190476192
1004;0.5733333333333334
1005;0.5490476190476191
1006;0.5280952380952378
1007;0.5647619047619049
1008;0.5652380952380951
1009;0.5809523809523808
1010;0.6052380952380951
1011;0.5971428571428574
1012;0.5871428571428572
1013;0.5819047619047619
1014;0.5990476190476189
1015;0.5938095238095237
1016;0.5952380952380953
1017;0.6033333333333334
1018;0.5942857142857142
1019;0.6071428571428571
1020;0.5747619047619047
1021;0.5533333333333332
1022;0.5366666666666667
1023;0.5428571428571431
1024;0.5257142857142859
1025;0.5171428571428573
1026;0.5209523809523813
1027;0.5242857142857145
1028;0.5157142857142858
1029;0.4933333333333335
1030;0.503809523809524
1031;0.5057142857142858
1032;0.503809523809524
1033;0.5190476190476191
1034;0.5266666666666666
1035;0.5304761904761904
1036;0.5304761904761903
1037;0.5438095238095239
1038;0.5361904761904762
1039;0.527142857142857
1040;0.5219047619047619
1041;0.5190476190476189
1042;0.5128571428571432
1043;0.5238095238095241
1044;0.5366666666666667
1045;0.5428571428571428
1046;0.5261904761904761
1047;0.5299999999999998
1048;0.5223809523809524
1049;0.5276190476190475
1050;0.5314285714285717
1051;0.5342857142857141
1052;0.5347619047619052
1053;0.532857142857143
1054;0.5323809523809526
1055;0.5242857142857145
1056;0.5257142857142856
1057;0.5138095238095238
1058;0.5028571428571428
1059;0.5066666666666666
1060;0.5257142857142857
1061;0.5228571428571428
1062;0.5214285714285714
1063;0.5242857142857145
1064;0.5528571428571429
1065;0.5666666666666669
1066;0.5657142857142857
1067;0.5604761904761902
1068;0.5485714285714285
1069;0.5442857142857143
1070;0.5457142857142858
1071;0.5333333333333335
1072;0.5233333333333335
1073;0.5285714285714286
1074;0.5323809523809524
1075;0.5366666666666667
1076;0.5190476190476192
1077;0.5166666666666668
1078;0.5228571428571432
1079;0.5380952380952381
1080;0.5352380952380955
1081;0.5338095238095242
1082;0.4985714285714288
1083;0.4857142857142856
1084;0.4971428571428573
1085;0.5028571428571429
1086;0.5176190476190478
1087;0.5347619047619049
1088;0.5485714285714285
1089;0.5619047619047619
1090;0.5723809523809523
1091;0.5595238095238096
1092;0.5557142857142857
1093;0.5552380952380954
1094;0.5428571428571431
1095;0.5585714285714288
1096;0.570952380952381
1097;0.5547619047619049
1098;0.5561904761904761
1099;0.5480952380952381
1100;0.5509523809523811
1101;0.5371428571428573
1102;0.5461904761904764
1103;0.561904761904762
1104;0.558095238095238
1105;0.5604761904761905
1106;0.560952380952381
1107;0.5590476190476191
1108;0.549047619047619
1109;0.5576190476190479
1110;0.5552380952380953
1111;0.5604761904761905
1112;0.5623809523809523
1113;0.5390476190476191
1114;0.5433333333333331
1115;0.5495238095238095
1116;0.5395238095238095
1117;0.5357142857142858
1118;0.5552380952380954
1119;0.5438095238095241
1120;0.559047619047619
1121;0.5509523809523811
1122;0.5466666666666669
1123;0.5628571428571428
1124;0.577142857142857
1125;0.5628571428571428
1126;0.550952380952381
1127;0.5633333333333334
1128;0.5523809523809525
1129;0.5390476190476189
1130;0.519047619047619
1131;0.5195238095238095
1132;0.5128571428571428
1133;0.5028571428571428
1134;0.5047619047619049
1135;0.49999999999999967
1136;0.49238095238095225
1137;0.5023809523809526
1138;0.5023809523809525
1139;0.5114285714285715
1140;0.49761904761904746
1141;0.47476190476190444
1142;0.4642857142857142
1143;0.49238095238095236
1144;0.4933333333333333
1145;0.4952380952380952
1146;0.5114285714285713
1147;0.5138095238095236
1148;0.5404761904761906
1149;0.550952380952381
1150;0.5342857142857146
1151;0.5166666666666668
1152;0.4995238095238097
1153;0.4876190476190477
1154;0.46666666666666656
1155;0.4633333333333332
1156;0.45952380952380956
1157;0.48285714285714293
1158;0.4952380952380954
1159;0.49809523809523804
1160;0.4909523809523808
1161;0.48333333333333334
1162;0.4919047619047621
1163;0.4957142857142858
1164;0.4957142857142858
1165;0.5019047619047619
1166;0.5142857142857142
1167;0.4833333333333333
1168;0.49857142857142855
1169;0.5104761904761904
1170;0.5009523809523807
1171;0.5266666666666668
1172;0.5061904761904761
1173;0.5176190476190476
1174;0.5209523809523807
1175;0.5314285714285716
1176;0.5309523809523813
1177;0.5314285714285717
1178;0.5319047619047619
1179;0.5199999999999999
1180;0.5252380952380953
1181;0.5233333333333332
1182;0.5119047619047619
1183;0.5219047619047619
1184;0.518095238095238
1185;0.4942857142857144
1186;0.4933333333333335
1187;0.49142857142857127
1188;0.5099999999999997
1189;0.5138095238095236
1190;0.5042857142857141
1191;0.5090476190476191
1192;0.5176190476190478
1193;0.5223809523809524
1194;0.5128571428571429
1195;0.4976190476190477
1196;0.49999999999999983
1197;0.48904761904761895
1198;0.49809523809523815
1199;0.48714285714285716
1200;0.487142857142857
1201;0.4919047619047619
1202;0.4942857142857144
1203;0.4852380952380952
1204;0.5000000000000001
1205;0.5214285714285714
1206;0.5357142857142858
1207;0.5695238095238093
1208;0.5685714285714282
1209;0.5704761904761902
1210;0.5619047619047617
1211;0.5542857142857143
1212;0.5461904761904759
1213;0.5342857142857139
1214;0.5566666666666666
1215;0.5371428571428573
1216;0.5347619047619048
1217;0.5114285714285711
1218;0.5333333333333331
1219;0.5380952380952378
1220;0.541904761904762
1221;0.553809523809524
1222;0.5961904761904763
1223;0.563809523809524
1224;0.5495238095238095
1225;0.5595238095238095
1226;0.5523809523809525
1227;0.55
1228;0.5485714285714284
1229;0.5361904761904763
1230;0.5104761904761904
1231;0.5109523809523809
1232;0.5300000000000001
1233;0.5471428571428574
1234;0.5542857142857142
1235;0.5361904761904763
1236;0.5619047619047618
1237;0.5723809523809525
1238;0.5733333333333335
1239;0.5623809523809523
1240;0.5180952380952382
1241;0.5300000000000001
1242;0.49999999999999983
1243;0.5033333333333332
1244;0.5009523809523809
1245;0.5109523809523809
1246;0.5295238095238095
1247;0.5642857142857143
1248;0.5571428571428573
1249;0.5795238095238096
1250;0.5738095238095239
1251;0.5599999999999998
1252;0.5457142857142859
1253;0.5442857142857143
1254;0.5614285714285715
1255;0.5652380952380954
1256;0.5680952380952381
1257;0.5761904761904764
1258;0.58
1259;0.5766666666666667
1260;0.5899999999999999
1261;0.6095238095238096
1262;0.5580952380952381
1263;0.5795238095238096
1264;0.6085714285714287
1265;0.6280952380952379
1266;0.6219047619047618
1267;0.6352380952380952
1268;0.624761904761905
1269;0.6066666666666662
1270;0.6009523809523808
1271;0.5961904761904759
1272;0.575238095238095
1273;0.5795238095238093
1274;0.5952380952380953
1275;0.6109523809523807
1276;0.6080952380952379
1277;0.5861904761904762
1278;0.5819047619047619
1279;0.5747619047619047
1280;0.5895238095238096
1281;0.6014285714285713
1282;0.6114285714285713
1283;0.6047619047619048
1284;0.5957142857142856
1285;0.5828571428571432
1286;0.5704761904761907
1287;0.5785714285714286
1288;0.5666666666666669
1289;0.5780952380952381
1290;0.5895238095238097
1291;0.6123809523809524
1292;0.6271428571428571
1293;0.6080952380952379
1294;0.6066666666666667
1295;0.6076190476190475
1296;0.6223809523809521
1297;0.5980952380952383
1298;0.6038095238095239
1299;0.6009523809523811
1300;0.6152380952380953
1301;0.619047619047619
1302;0.6204761904761904
1303;0.6204761904761902
1304;0.6314285714285716
1305;0.6547619047619048
1306;0.659047619047619
1307;0.6619047619047618
1308;0.6457142857142857
1309;0.6447619047619046
1310;0.6423809523809524
1311;0.6504761904761907
1312;0.6347619047619051
1313;0.6266666666666668
1314;0.6185714285714287
1315;0.6085714285714287
1316;0.6066666666666666
1317;0.6133333333333332
1318;0.614285714285714
1319;0.6142857142857142
1320;0.6123809523809524
1321;0.6052380952380951
1322;0.5985714285714284
1323;0.5966666666666666
1324;0.6052380952380951
1325;0.6033333333333336
1326;0.6066666666666668
1327;0.62
1328;0.6261904761904762
1329;0.629047619047619
1330;0.6257142857142856
1331;0.6285714285714283
1332;0.6319047619047615
1333;0.6376190476190474
1334;0.6380952380952377
1335;0.6323809523809522
1336;0.6219047619047618
1337;0.6152380952380949
1338;0.6104761904761902
1339;0.6195238095238094
1340;0.6185714285714284
1341;0.612857142857143
1342;0.611904761904762
1343;0.6128571428571428
1344;0.6090476190476191
1345;0.6028571428571428
1346;0.5833333333333333
1347;0.5885714285714285
1348;0.5733333333333336
1349;0.5690476190476192
1350;0.5652380952380954
1351;0.5576190476190479
1352;0.5609523809523813
1353;0.5576190476190479
1354;0.5642857142857146
1355;0.5661904761904766
1356;0.5766666666666669
1357;0.5785714285714287
1358;0.5780952380952384
1359;0.5838095238095239
1360;0.5866666666666667
1361;0.5876190476190478
1362;0.5890476190476192
1363;0.5923809523809526
1364;0.6009523809523809
1365;0.5938095238095239
1366;0.5876190476190477
1367;0.5900000000000002
1368;0.5909523809523812
1369;0.5914285714285716
1370;0.5861904761904765
1371;0.5847619047619048
1372;0.5923809523809523
1373;0.5942857142857144
1374;0.5985714285714288
1375;0.6076190476190476
1376;0.6047619047619047
1377;0.6000000000000003
1378;0.5933333333333336
1379;0.5890476190476192
1380;0.5823809523809524
1381;0.5847619047619047
1382;0.5785714285714285
1383;0.5880952380952382
1384;0.5923809523809526
1385;0.5876190476190479
1386;0.5880952380952383
1387;0.5914285714285716
1388;0.5952380952380955
1389;0.586666666666667
1390;0.5876190476190478
1391;0.575714285714286
1392;0.5804761904761908
1393;0.5804761904761907
1394;0.5761904761904763
1395;0.5761904761904761
1396;0.5685714285714285
1397;0.5614285714285714
1398;0.5442857142857144
1399;0.5480952380952382
1400;0.5452380952380952
1401;0.5528571428571432
1402;0.5500000000000003
1403;0.5357142857142858
1404;0.5266666666666666
1405;0.5380952380952382
1406;0.5457142857142858
1407;0.5400000000000001
1408;0.5304761904761903
1409;0.5247619047619049
1410;0.5309523809523811
1411;0.5295238095238097
1412;0.5185714285714287
1413;0.5157142857142859
1414;0.5028571428571428
1415;0.5114285714285712
1416;0.5123809523809523
1417;0.5057142857142854
1418;0.5133333333333333
1419;0.5028571428571428
1420;0.5052380952380953
1421;0.5119047619047619
1422;0.5138095238095238
1423;0.5161904761904763
1424;0.5314285714285714
1425;0.5366666666666666
1426;0.5423809523809525
1427;0.5438095238095239
1428;0.5409523809523811
1429;0.5452380952380953
1430;0.5433333333333334
1431;0.5485714285714286
1432;0.5495238095238096
1433;0.5509523809523812
1434;0.5476190476190478
1435;0.5495238095238096
1436;0.551904761904762
1437;0.5552380952380953
1438;0.5599999999999999
1439;0.5595238095238095
1440;0.5442857142857147
1441;0.5476190476190479
1442;0.5542857142857145
1443;0.5557142857142857
1444;0.5666666666666667
1445;0.5771428571428572
1446;0.5895238095238095
1447;0.5923809523809522
1448;0.6014285714285714
1449;0.6147619047619046
1450;0.6185714285714287
1451;0.6123809523809524
1452;0.609047619047619
1453;0.605714285714286
1454;0.6071428571428574
1455;0.6004761904761908
1456;0.5976190476190478
1457;0.5966666666666668
1458;0.5914285714285716
1459;0.5895238095238095
1460;0.5966666666666669
1461;0.5995238095238097
1462;0.5947619047619048
1463;0.6028571428571429
1464;0.6133333333333333
1465;0.6380952380952377
1466;0.6495238095238095
1467;0.6357142857142858
1468;0.6290476190476191
1469;0.5919047619047619
1470;0.5976190476190475
1471;0.5909523809523811
1472;0.551904761904762
1473;0.5519047619047618
1474;0.5442857142857143
1475;0.5333333333333334
1476;0.5233333333333332
1477;0.5185714285714288
1478;0.5385714285714284
1479;0.5652380952380957
1480;0.5880952380952382
1481;0.568095238095238
1482;0.557142857142857
1483;0.554761904761905
1484;0.5676190476190478
1485;0.5604761904761904
1486;0.5771428571428574
1487;0.5623809523809525
1488;0.5547619047619048
1489;0.560952380952381
1490;0.5619047619047621
1491;0.5628571428571427
1492;0.5723809523809524
