Spectrum section;avg. accuracy
400.639;0.5714285714285714
410.2813;0.5714285714285714
419.9237;0.5238095238095238
429.566;0.7142857142857143
439.2083;0.5238095238095238
448.8507;0.6666666666666666
458.493;0.42857142857142855
468.1353;0.42857142857142855
477.7777;0.6190476190476191
487.42;0.6190476190476191
497.0623;0.7142857142857143
506.7047;0.5238095238095238
516.347;0.7142857142857143
525.9894;0.6190476190476191
535.6317;0.8095238095238095
545.274;0.8571428571428571
554.9164;0.6666666666666666
564.5587;0.7142857142857143
574.201;0.6666666666666666
583.8434;0.7619047619047619
593.4857;0.7142857142857143
603.1281;0.7142857142857143
612.7704;0.5238095238095238
622.4127;0.8095238095238095
632.0551;0.6666666666666666
641.6974;0.7142857142857143
651.3397;0.6190476190476191
660.9821;0.6190476190476191
670.6244;0.6190476190476191
680.2667;0.6190476190476191
689.9091;0.42857142857142855
699.5514;0.38095238095238093
709.1937;0.5714285714285714
718.8361;0.5238095238095238
728.4784;0.6666666666666666
738.1207;0.6666666666666666
747.7631;0.8095238095238095
757.4054;0.7619047619047619
767.0477;0.5238095238095238
776.6901;0.7142857142857143
786.3324;0.7619047619047619
795.9747;0.47619047619047616
805.6171;0.42857142857142855
815.2594;0.8095238095238095
824.9017;0.8571428571428571
834.5441;0.47619047619047616
844.1864;0.8095238095238095
853.8287;0.5238095238095238
863.4711;0.5714285714285714
873.1134;0.5714285714285714
882.7557;0.7619047619047619
892.3981;0.8095238095238095
902.0404;0.5714285714285714
911.6827;0.42857142857142855
921.3251;0.7619047619047619
930.9674;0.7619047619047619
940.6097;0.8571428571428571
950.2521;0.6666666666666666
959.8944;0.6666666666666666
969.5367;0.6190476190476191
979.1791;0.8571428571428571
988.8214;0.8095238095238095
998.4637;0.9523809523809523
1008.106;0.9047619047619048
1017.748;0.7619047619047619
1027.391;0.6666666666666666
1037.033;0.7142857142857143
1046.675;0.8095238095238095
1056.318;0.9523809523809523
1065.96;0.6666666666666666
1075.602;0.6190476190476191
1085.245;0.6190476190476191
1094.887;0.8095238095238095
1104.529;0.6666666666666666
1114.172;0.9523809523809523
1123.814;0.7619047619047619
1133.456;0.7619047619047619
1143.099;0.6190476190476191
1152.741;0.8095238095238095
1162.383;0.7142857142857143
1172.026;0.8571428571428571
1181.668;0.7619047619047619
1191.31;0.8095238095238095
1200.953;0.8095238095238095
1210.595;0.8571428571428571
1220.237;0.9047619047619048
1229.88;0.8571428571428571
1239.522;0.7619047619047619
1249.164;0.6666666666666666
1258.807;0.8571428571428571
1268.449;0.7619047619047619
1278.091;0.8095238095238095
1287.734;0.7142857142857143
1297.376;0.7142857142857143
1307.018;0.8571428571428571
1316.661;0.8571428571428571
1326.303;0.8095238095238095
1335.945;0.7619047619047619
1345.588;0.5714285714285714
1355.23;0.7142857142857143
1364.872;0.7619047619047619
1374.515;0.42857142857142855
1384.157;0.5714285714285714
1393.799;0.7619047619047619
1403.442;0.47619047619047616
1413.084;0.9047619047619048
1422.726;0.6666666666666666
1432.369;0.8095238095238095
1442.011;0.5714285714285714
1451.653;0.6190476190476191
1461.296;0.6666666666666666
1470.938;0.7619047619047619
1480.58;0.6666666666666666
1490.223;0.8095238095238095
1499.865;0.5714285714285714
1509.507;0.8095238095238095
1519.15;0.5714285714285714
1528.792;0.6666666666666666
1538.434;0.9047619047619048
1548.077;0.9047619047619048
1557.719;0.7619047619047619
1567.361;0.9047619047619048
1577.004;0.8571428571428571
1586.646;0.9047619047619048
1596.288;0.9047619047619048
1605.931;0.9047619047619048
1615.573;0.9047619047619048
1625.215;0.8571428571428571
1634.858;0.8095238095238095
1644.5;0.6666666666666666
1654.142;0.5714285714285714
1663.785;0.7619047619047619
1673.427;0.5238095238095238
1683.069;0.8095238095238095
1692.712;0.5714285714285714
1702.354;0.6666666666666666
1711.996;0.47619047619047616
1721.639;0.7142857142857143
1731.281;0.5714285714285714
1740.923;0.38095238095238093
1750.566;0.7142857142857143
1760.208;0.6190476190476191
1769.85;0.7142857142857143
1779.493;0.6666666666666666
1789.135;0.5714285714285714
1798.777;0.5238095238095238
1808.42;0.5714285714285714
1818.062;0.6666666666666666
1827.704;0.3333333333333333
1837.347;0.5238095238095238
1846.989;0.42857142857142855
1856.631;0.7142857142857143
1866.274;0.6666666666666666
1875.916;0.42857142857142855
1885.558;0.7619047619047619
1895.201;0.7619047619047619
1904.843;0.7619047619047619
1914.485;0.5238095238095238
1924.128;0.6666666666666666
1933.77;0.42857142857142855
1943.412;0.6190476190476191
1953.055;0.5714285714285714
1962.697;0.5714285714285714
1972.339;0.5714285714285714
1981.982;0.7619047619047619
1991.624;0.6666666666666666
2001.266;0.6190476190476191
2010.909;0.47619047619047616
2020.551;0.47619047619047616
2030.193;0.47619047619047616
2039.836;0.5714285714285714
2049.478;0.7142857142857143
2059.12;0.8571428571428571
2068.763;0.47619047619047616
2078.405;0.7142857142857143
2088.047;0.6666666666666666
2097.69;0.5714285714285714
2107.332;0.7619047619047619
2116.974;0.5714285714285714
2126.617;0.6666666666666666
2136.259;0.7142857142857143
2145.901;0.47619047619047616
2155.544;0.6190476190476191
2165.186;0.5714285714285714
2174.828;0.5714285714285714
2184.471;0.7619047619047619
2194.113;0.6190476190476191
2203.755;0.6666666666666666
2213.398;0.5238095238095238
2223.04;0.6190476190476191
2232.682;0.5714285714285714
2242.325;0.7142857142857143
2251.967;0.8571428571428571
2261.609;0.6190476190476191
2271.252;0.6190476190476191
2280.894;0.8095238095238095
2290.536;0.6666666666666666
2300.179;0.7142857142857143
2309.821;0.47619047619047616
2319.463;0.7142857142857143
2329.106;0.7619047619047619
2338.748;0.47619047619047616
2348.39;0.5238095238095238
2358.033;0.6666666666666666
2367.675;0.6190476190476191
2377.317;0.5238095238095238
2386.96;0.5714285714285714
2396.602;0.5714285714285714
2406.244;0.5714285714285714
2415.887;0.5714285714285714
2425.529;0.6190476190476191
2435.171;0.5714285714285714
2444.814;0.6190476190476191
2454.456;0.5714285714285714
2464.098;0.7142857142857143
2473.741;0.42857142857142855
2483.383;0.5714285714285714
2493.025;0.5238095238095238
2502.668;0.5714285714285714
2512.31;0.5238095238095238
2521.952;0.47619047619047616
2531.595;0.5238095238095238
2541.237;0.8095238095238095
2550.879;0.5714285714285714
2560.522;0.6666666666666666
2570.164;0.42857142857142855
2579.806;0.47619047619047616
2589.449;0.38095238095238093
2599.091;0.7619047619047619
2608.733;0.5238095238095238
2618.376;0.7142857142857143
2628.018;0.6666666666666666
2637.66;0.6666666666666666
2647.303;0.6190476190476191
2656.945;0.5714285714285714
2666.587;0.6666666666666666
2676.23;0.6190476190476191
2685.872;0.38095238095238093
2695.514;0.6666666666666666
2705.157;0.7142857142857143
2714.799;0.7142857142857143
2724.441;0.9047619047619048
2734.084;0.47619047619047616
2743.726;0.6666666666666666
2753.368;0.5238095238095238
2763.011;0.42857142857142855
2772.653;0.5714285714285714
2782.295;0.5714285714285714
2791.938;0.6190476190476191
2801.58;0.6666666666666666
2811.222;0.5238095238095238
2820.865;0.5238095238095238
2830.507;0.5238095238095238
2840.149;0.6190476190476191
2849.792;0.9047619047619048
2859.434;0.8095238095238095
2869.076;0.5238095238095238
2878.719;0.6666666666666666
2888.361;0.8095238095238095
2898.003;0.7142857142857143
2907.646;0.47619047619047616
2917.288;0.5238095238095238
2926.93;0.7619047619047619
2936.573;0.7142857142857143
2946.215;0.8095238095238095
2955.857;0.7619047619047619
2965.5;0.7619047619047619
2975.142;0.7142857142857143
2984.784;0.9047619047619048
2994.427;0.6190476190476191
3004.069;0.7619047619047619
3013.711;0.6666666666666666
3023.354;0.47619047619047616
3032.996;0.6190476190476191
3042.638;0.7142857142857143
3052.281;0.7619047619047619
3061.923;0.7142857142857143
3071.565;0.7619047619047619
3081.208;0.8095238095238095
3090.85;0.7142857142857143
3100.492;0.6190476190476191
3110.135;0.7142857142857143
3119.777;0.47619047619047616
3129.419;0.47619047619047616
3139.062;0.47619047619047616
3148.704;0.6190476190476191
3158.346;0.5714285714285714
3167.989;0.6190476190476191
3177.631;0.5714285714285714
3187.273;0.42857142857142855
3196.916;0.5714285714285714
3206.558;0.5238095238095238
3216.2;0.6190476190476191
3225.843;0.47619047619047616
3235.485;0.5238095238095238
3245.127;0.6190476190476191
3254.77;0.47619047619047616
3264.412;0.5238095238095238
3274.054;0.5714285714285714
3283.697;0.8095238095238095
3293.339;0.6666666666666666
3302.981;0.8571428571428571
3312.624;0.7142857142857143
3322.266;0.7142857142857143
3331.908;0.8571428571428571
3341.551;0.8095238095238095
3351.193;0.9047619047619048
3360.835;0.7619047619047619
3370.478;0.7619047619047619
3380.12;0.8095238095238095
3389.762;0.7619047619047619
3399.405;0.7619047619047619
3409.047;0.7142857142857143
3418.689;0.42857142857142855
3428.332;0.7619047619047619
3437.974;0.42857142857142855
3447.616;0.7142857142857143
3457.259;0.7142857142857143
3466.901;0.6666666666666666
3476.543;0.6190476190476191
3486.186;0.7619047619047619
3495.828;0.6190476190476191
3505.47;0.7619047619047619
3515.113;0.8571428571428571
3524.755;0.6190476190476191
3534.397;0.6190476190476191
3544.04;0.7142857142857143
3553.682;0.8095238095238095
3563.324;0.9047619047619048
3572.967;0.6190476190476191
3582.609;0.8095238095238095
3592.251;0.6190476190476191
3601.894;0.7619047619047619
3611.536;0.7619047619047619
3621.178;0.47619047619047616
3630.821;0.5714285714285714
3640.463;0.6666666666666666
3650.105;0.6190476190476191
3659.748;0.5238095238095238
3669.39;0.47619047619047616
3679.032;0.5714285714285714
3688.675;0.42857142857142855
3698.317;0.6666666666666666
3707.959;0.5238095238095238
3717.602;0.6666666666666666
3727.244;0.47619047619047616
3736.886;0.5714285714285714
3746.529;0.7619047619047619
3756.171;0.6190476190476191
3765.813;0.47619047619047616
3775.456;0.6666666666666666
3785.098;0.6666666666666666
3794.74;0.5714285714285714
3804.383;0.6666666666666666
3814.025;0.6666666666666666
3823.667;0.6666666666666666
3833.31;0.7619047619047619
3842.952;0.6666666666666666
3852.594;0.47619047619047616
3862.237;0.5238095238095238
3871.879;0.5714285714285714
3881.521;0.7142857142857143
3891.164;0.6666666666666666
3900.806;0.42857142857142855
3910.448;0.6666666666666666
3920.091;0.6666666666666666
3929.733;0.42857142857142855
3939.375;0.6190476190476191
3949.018;0.5714285714285714
3958.66;0.6190476190476191
3968.302;0.6190476190476191
3977.945;0.38095238095238093
3987.587;0.7619047619047619
